Iteration	GP_regression.Mat52.variance	GP_regression.Mat52.lengthscale	GP_regression.Gaussian_noise.variance
1.0	0.6697498918353418	0.1479253354862219	0.17641935775874049
2.0	0.6697498918353418	0.1479253354862219	0.17641935775874049
3.0	0.7094608782855252	0.10099427306201966	1.3827060082427705e-09
4.0	0.872685522514328	0.026176793739365555	1.3827060086294969e-09
5.0	0.7613438893196319	0.028667098414710775	1.3827060076530544e-09
6.0	0.7304945309365569	0.03169175206630405	1.3827060062084236e-09
7.0	0.793399783846448	0.019774390022602884	1.3827060057910289e-09
8.0	0.7622718274705772	0.020896457854412336	1.3827060051860658e-09
9.0	0.7685286369550042	0.019785045763523683	1.3827060043588632e-09
10.0	0.7964658315458594	0.021951434629459567	1.3827060029002173e-09
11.0	0.8073434643385137	0.02046099318324008	1.0000000003909715e-09
12.0	0.8224521388282195	0.02023671064757037	1.0999999999206845e-09
13.0	0.7969253644737588	0.019551975889191633	1.0999999999151643e-09
14.0	0.7716731998008788	0.019233944312165914	1.099999999942531e-09
15.0	0.7820418854890673	0.018733254703688234	1.0116144428256609e-09
16.0	0.7693332305405676	0.018083649471519102	1.099999999940177e-09
17.0	0.7803041495737261	0.018827915059870116	1.099999999917021e-09
18.0	0.8166163542711743	0.019731814297148948	1.0999999998815727e-09
19.0	0.8006919426421644	0.020136117263356304	1.0999999999087205e-09
20.0	0.7834545002152918	0.020410257989528093	1.0999999999097123e-09
21.0	0.767625254791504	0.02005220740917824	1.0999999999018773e-09
22.0	0.7869209433438642	0.020555998076238504	1.0999999998926536e-09
23.0	0.8130444090606038	0.02102037404658432	1.0999999999047726e-09
24.0	0.7975699054670472	0.02067002171290033	1.0999999999171681e-09
25.0	0.7805159484042662	0.0203775987028134	1.099999999939818e-09
26.0	0.7847326845517638	0.020188101186053655	1.099999999928563e-09
27.0	0.7863095429510597	0.018229002742913662	0.0008367101838957877
28.0	0.8039229503665593	0.01844813691162002	0.0024962265375083363
29.0	0.8017499684127728	0.018210103266620634	0.001798550839916029
30.0	0.7933041112409053	0.0170804839882647	1.2222688799965508e-08
31.0	0.8042371898806268	0.01749183287102777	1.2222688642129936e-08
32.0	0.7934768047990021	0.017301378110001757	1.2222688509389651e-08
33.0	0.8112662199029113	0.017772926681095445	1.2222688436720928e-08
34.0	0.7988520069323918	0.017830181584797412	1.2222688379309402e-08
35.0	0.8078929087542717	0.018120298676106275	0.0003176372371300491
36.0	0.7953927718009383	0.017949086302913825	1.1047952968239144e-07
37.0	0.8003287732355878	0.017831650383790507	5.1342388176866735e-08
38.0	0.7994683648088308	0.017669141360366118	5.134238668261674e-08
39.0	0.852217327922933	0.018265748143298715	5.1342386112248146e-08
40.0	0.5966889285976291	0.018335154209464542	0.2604338179381018
41.0	0.5926105612129839	0.01855527112004203	0.26725851968017694
42.0	0.6831275998076786	0.016848995092848002	0.18183423967962536
43.0	0.732679867193087	0.014700354192302307	0.11833539095882664
44.0	0.8199594173884526	0.009802918732131313	1.2668302632877476e-09
45.0	0.8161947200161728	0.00976636803001447	1.266830260423044e-09
46.0	0.8105562376696896	0.00979132562632438	1.2668302565793569e-09
47.0	0.8239690136232931	0.009769313041292756	1.2668302530721223e-09
48.0	0.8236821297442887	0.00994100308063303	1.2668302491735876e-09
49.0	0.9021556182968791	0.010575684890081507	1.2668302456478371e-09
50.0	0.8961990438242685	0.010576052423890639	1.266830240991424e-09
51.0	0.8923110991898495	0.010520817513877383	1.2668302362101348e-09
52.0	0.8893145663503659	0.010707857923030865	1.4516286640660755e-09
53.0	0.9003324819894045	0.011344966700484696	1.4516286455415574e-09
54.0	0.8977127539349856	0.011217466205080216	1.4516286253206202e-09
55.0	0.9063596864406968	0.011202589907304175	1.445366881325254e-09
56.0	0.9097230119556009	0.011150450667667318	1.4453668639268927e-09
57.0	0.9047268208514383	0.011117167610623707	1.332997351242304e-09
58.0	0.8997538010968325	0.011139166198981146	1.3329973420216974e-09
59.0	0.8991444630498698	0.011076441963849907	1.3329973328362418e-09
60.0	0.8987894017659728	0.011015505900850292	1.332997323913583e-09
61.0	0.8195126743569148	0.011319216802986427	1.3329973127443876e-09
62.0	0.8232375951291541	0.011293565847300013	1.3329973029742985e-09
63.0	0.8286794680004612	0.011275689592468479	1.3329972934932937e-09
64.0	0.8247138634402227	0.01125604568791146	1.3329972870735336e-09
65.0	0.825136726770877	0.011424767432577754	1.332997277392313e-09
66.0	0.8227130658492208	0.011370136651366741	1.332997267837818e-09
67.0	0.819598997102895	0.011408165977390708	1.332997259092057e-09
68.0	0.8177868529218232	0.011354563052946685	1.332997249798769e-09
69.0	0.8212763456422593	0.011317447237076835	1.2987300251623205e-09
70.0	0.7660583847690415	0.011531677309406553	1.298730014721953e-09
71.0	0.7678547647639598	0.011689782161117256	1.2987300063070323e-09
72.0	0.7647110837895533	0.01169260553948759	1.250417426945648e-09
73.0	0.7614063914582466	0.011668939116226894	1.2504174223300687e-09
74.0	0.763154506457706	0.011700675907303434	1.2504174170414889e-09
75.0	0.724458211579049	0.011399063773399021	1.2504174112997888e-09
76.0	0.7441006637328232	0.011740682887737316	1.2504174064811374e-09
77.0	0.6980727104437617	0.01231884727132957	1.1874760205644554e-09
78.0	0.6997228661224749	0.01233634221928021	1.1874760177378515e-09
79.0	0.7026684263159922	0.012332137064732176	1.1874760137700468e-09
80.0	0.6996639441560796	0.01229414245343876	1.1874760110221633e-09
81.0	0.6970845411197852	0.01224977551216706	1.1874760071488432e-09
82.0	0.6945037748611013	0.0122501120766722	1.1874760036072632e-09
83.0	0.7092225446951473	0.012322511156814908	1.183786463599408e-09
84.0	0.7068989280446235	0.012279240938989695	1.183786459943178e-09
85.0	0.7041495819658616	0.012247154736846734	1.1837864574312513e-09
86.0	0.6678476065989026	0.01229151542711091	1.1837864530224758e-09
87.0	0.6674829645469009	0.012263369483158069	1.1837864490923674e-09
88.0	0.6660752647039884	0.012217312266524755	1.183786445479378e-09
89.0	0.6634917251005583	0.012183256449215401	1.1837864435595914e-09
90.0	0.6610038081264692	0.012136182853930816	1.1837864401271715e-09
91.0	0.665408273506422	0.012283390031584138	1.1837864366711621e-09
92.0	0.6629450988539636	0.012263327340018226	1.1465464445703956e-09
93.0	0.6614956660901136	0.01222180540296179	1.1465464423778316e-09
94.0	0.6400162898282313	0.012796165254304758	1.1465464398935867e-09
95.0	0.6379087440610574	0.01278988548041882	1.1465464381871431e-09
96.0	0.6356965899499453	0.012778228988454236	1.1465464364336763e-09
97.0	0.6334213064990057	0.012741284232033882	1.1465464340988211e-09
98.0	0.6311629433593386	0.012722871799405124	1.1465464322009934e-09
99.0	0.6054124360327822	0.01298796329967395	1.1465464288310202e-09
100.0	0.6067293479893409	0.012957676729490929	1.1465464258498146e-09
101.0	0.6048825737018604	0.012951574345656107	1.1233804661760194e-09
102.0	0.6029506991507599	0.012912491425787681	1.1136640899694403e-09
103.0	0.6008917406934344	0.012876771264048409	1.113664088402985e-09
104.0	0.6033019955717882	0.012855932318909953	1.113664086828718e-09
105.0	0.6012363047327213	0.012834475886184988	1.113664085586619e-09
106.0	0.5781356759314256	0.01313185362691557	1.1136640834863537e-09
107.0	0.5782834263997239	0.013110770521384573	1.1136640829967706e-09
108.0	0.5786167288161868	0.013151957119226055	1.1136640813175858e-09
109.0	0.5772494375647133	0.013112420185534454	1.1136640796390368e-09
110.0	0.5851291001168097	0.013280214357143516	1.1136640780259926e-09
111.0	0.5913728952437488	0.013295820713137013	1.1136640767496604e-09
112.0	0.5897577292038507	0.013257760443834133	1.1136640750384808e-09
113.0	0.588424114173126	0.013219802886959616	1.1136640733632506e-09
114.0	0.5882034923876454	0.01318508615080247	1.1136640715681458e-09
115.0	0.5877020489327469	0.013149638321680071	1.113664069868026e-09
116.0	0.5868685641223752	0.013113656748396351	1.1136640682546669e-09
117.0	0.586669195061964	0.013139877724492537	1.1136640677516761e-09
118.0	0.5852547999591393	0.013132650153052176	1.1136640665986978e-09
119.0	0.5907092612013091	0.013227522786152844	1.1136640653404471e-09
120.0	0.5981655079780754	0.01341541805830716	1.1136640637660457e-09
121.0	0.5974370252649357	0.013428867102001764	1.1075707844677997e-09
122.0	0.5977360643073318	0.0133478407267478	1.1075707830408937e-09
123.0	0.571583532545431	0.013256984849550317	1.069390803715367e-09
124.0	0.5736310069118346	0.013240780722182828	1.0999999985540388e-09
125.0	0.5761805005007982	0.013326777871428415	1.0999999985762986e-09
126.0	0.5761155124669022	0.013297505208484252	1.0999999984091072e-09
127.0	0.5744328951529185	0.013276022767089349	1.0999999990467448e-09
128.0	0.5751083109486157	0.013269885687899588	1.0999999986130408e-09
129.0	0.5838351984697809	0.013263148284991233	1.0986056019757102e-09
130.0	0.5830662934738109	0.013232892004645773	1.099999998597178e-09
131.0	0.5821231206782964	0.013202990965633389	1.099999998632538e-09
132.0	0.5700882083548514	0.013459882596613133	1.0999999984800088e-09
133.0	0.5728914907048779	0.013451951896587037	1.0947415179369433e-09
134.0	0.5717831667020082	0.013450036172085133	1.0999999987559842e-09
135.0	0.5702653582521306	0.013434029594803727	1.0999999988239931e-09
136.0	0.5709076367595916	0.013470879905711011	1.0999999986509163e-09
137.0	0.5623151022135651	0.013673661822429352	1.099999998303193e-09
138.0	0.5607482767815736	0.013642681802908932	1.099999998350943e-09
139.0	0.568132692801559	0.013686123240733233	1.099999998865729e-09
140.0	0.5597175504458437	0.014087978189556403	1.0999999982356388e-09
141.0	0.558476832878832	0.014079426433644756	1.099999998820132e-09
142.0	0.5633913021546408	0.01417566397837688	1.0999999984653218e-09
143.0	0.5504350835918514	0.014449810078831856	1.0731739474043365e-09
144.0	0.5490537225086943	0.01441643689969886	1.0810784106780181e-09
145.0	0.5477716722364907	0.014383420651553886	1.0999999980731406e-09
146.0	0.5470320034363507	0.01435186046057601	1.0705505678650537e-09
147.0	0.5474431993610616	0.01437754183157991	1.0999999982819599e-09
148.0	0.5472560525925605	0.014389935400168969	1.1263821646341277e-09
149.0	0.5457100133427438	0.014362379107745406	1.0686536423715642e-09
150.0	0.5555889577072144	0.014560350097190233	1.0629884256676814e-09
151.0	0.5540565218012721	0.014536554806278032	1.072096647496321e-09
152.0	0.5529322698935638	0.014505490173115667	1.0999999980982832e-09
153.0	0.551669762353713	0.01449329540265116	1.0804289338652363e-09
154.0	0.5502081092399169	0.014468263898427716	1.0999999987081334e-09
155.0	0.5487758183234768	0.014447556582940847	1.0579630259396522e-09
156.0	0.5569393158039196	0.014501305992491503	1.0999999987737258e-09
157.0	0.5555671438568236	0.014474742249845391	1.099999998223527e-09
158.0	0.5544788724995029	0.01444580007939078	1.0676152211239154e-09
159.0	0.5562836308344151	0.014437059405617878	1.0999999982190129e-09
160.0	0.5585813782999698	0.0145038192890182	1.0695560432042193e-09
161.0	0.5577892164255019	0.014490729851296012	1.0861744526946973e-09
162.0	0.5436034048410453	0.014647557837282039	1.0999999976577956e-09
163.0	0.5423231892239113	0.01463062956868504	1.080354015994506e-09
164.0	0.5409601413021614	0.01460352122473148	1.0000000000008866e-09
165.0	0.5396197791565683	0.014579597288408259	1.0693459068973773e-09
166.0	0.5393393525952845	0.014589760122848903	1.000000069590688e-09
167.0	0.5381334493248934	0.014563826553185456	1.0809839610369397e-09
168.0	0.5433496848295712	0.014627745110124647	1.0786961731291354e-09
169.0	0.542149998100624	0.014612356211852395	1.0999999990061145e-09
170.0	0.5498495452047583	0.01466425917701373	1.0675634634340474e-09
171.0	0.5503938660327792	0.014644659731129639	1.0939805595572592e-09
172.0	0.5496429347472034	0.014642852973292294	1.0629867541578213e-09
173.0	0.5484110375561393	0.014621654874866798	1.0662761787584008e-09
174.0	0.5473939876971896	0.014610275086692975	1.099999999024693e-09
175.0	0.5496251057653075	0.014607922660454221	1.0667438131381047e-09
176.0	0.5519634816975141	0.014881106552751782	1.0789453995500273e-09
177.0	0.5524393721111549	0.014906601780003708	1.0999999983825884e-09
178.0	0.55350254540162	0.014926773921943587	1.0999999985553199e-09
179.0	0.5534478250694804	0.014846307979678943	1.0999999981780736e-09
180.0	0.5531880994059264	0.014822784765597142	1.0750589116167906e-09
181.0	0.5533986936964677	0.014773329070631632	1.098739750490922e-09
182.0	0.552616102387846	0.01474866378834809	1.0765786334081333e-09
183.0	0.5515050127501546	0.014734469468463808	1.0976738126389097e-09
184.0	0.5507545378721632	0.014710356784331472	1.0931930510946091e-09
185.0	0.5537429862654526	0.014773570406169136	1.099512542422439e-09
186.0	0.5531330569709026	0.014766412883556294	1.0694056937854481e-09
187.0	0.5520340883489774	0.014750487845495212	1.0999999989004467e-09
188.0	0.5554703810798127	0.01476556138536723	1.0970300825317635e-09
189.0	0.5551464605659626	0.014774137531693748	1.0999999986226836e-09
190.0	0.554062956940961	0.014755550203090832	1.0677352841186054e-09
191.0	0.5569442552783566	0.014763867854809695	1.0857433816312702e-09
192.0	0.5597924281092801	0.01476810119553933	1.0957080600401888e-09
193.0	0.5618858704553744	0.014808798969340436	1.0999999987006613e-09
194.0	0.5614720437108154	0.014813361365755583	1.0866102396335032e-09
195.0	0.5604376647441967	0.014796160241206759	1.0999999989205375e-09
196.0	0.5594090095140287	0.014778331463380964	1.0999999989273566e-09
197.0	0.5584641207344884	0.014767674946549701	1.0999999991802122e-09
198.0	0.5697699344913129	0.014860659506940386	1.0999999987115468e-09
199.0	0.5697333380091949	0.01487563149659552	1.1263524307330386e-09
200.0	0.573669259710059	0.014995964089114177	1.1261874991688579e-09
201.0	0.5783411476238861	0.015100841311771716	1.1064262153074112e-09
202.0	0.5773425740153987	0.015086317796078531	1.1064262141138344e-09
203.0	0.5794991561815449	0.015150599770778731	1.1064262123705596e-09
204.0	0.583787041809364	0.015223345016217674	1.0894262311508768e-09
205.0	0.5830810418956869	0.015201850799269521	1.088093751604464e-09
206.0	0.5827988039096352	0.015181185798341835	1.0999999984262903e-09
207.0	0.584905140293191	0.015177561704538668	1.0999999985715138e-09
208.0	0.5868364084057444	0.01522503028897259	1.0026877539533324e-09
209.0	0.5741453340093121	0.01544975785492704	1.0791075448763823e-09
210.0	0.5750478106038843	0.015339822694655583	1.0958633588975385e-09
211.0	0.5755739954386815	0.015323517232123657	1.0999999980867717e-09
212.0	0.5747145534919267	0.015314432270494272	1.0999999989854164e-09
213.0	0.5741728567042412	0.015293271511864796	1.0999999982569401e-09
214.0	0.5757602110575261	0.015349075657361788	1.0870347955110833e-09
215.0	0.5767790335985064	0.015363119589214854	1.099999998872352e-09
216.0	0.5758379390107787	0.015345191740357523	1.099999998796994e-09
217.0	0.5751154226917097	0.015324832239984902	1.0837167794198285e-09
218.0	0.5751224860344697	0.01525665523525438	1.0999999981900185e-09
219.0	0.5779447320998885	0.015347573614734548	1.0794991232557186e-09
220.0	0.5676148639772145	0.015550611912925246	1.0799063243808304e-09
221.0	0.5714713508991307	0.015291287010682266	1.0999999981089064e-09
222.0	0.571688306908505	0.015274471091364202	1.0999999994922124e-09
223.0	0.5715329295000338	0.015254969974173221	1.0999999981052557e-09
224.0	0.5719776677128043	0.01524450840128644	1.091000789850003e-09
225.0	0.5712878347887252	0.015223811948655408	1.0836602559020613e-09
226.0	0.5715977375086381	0.015185777888878262	1.099999999512801e-09
227.0	0.5720480698428942	0.015169821122672626	1.0999999981599902e-09
228.0	0.5721365435705735	0.015152266180918085	1.1028216911278147e-09
229.0	0.5599624392058972	0.015208316201049264	1.0906377533003836e-09
230.0	0.5624340091838986	0.015210668775924379	1.0999999987232061e-09
231.0	0.5621560562956114	0.015217779431238407	1.0999999984816216e-09
232.0	0.5631328085867318	0.01504456425519872	1.0001098788026646e-09
233.0	0.564308308411402	0.015077672525763247	1.099999998311269e-09
234.0	0.5750553816380198	0.015175188835185415	1.0999999985382775e-09
235.0	0.5744140225650146	0.015154763192800479	1.099999998277612e-09
236.0	0.5755834284146624	0.01518822303058535	1.0717705284411765e-09
237.0	0.5752367635003879	0.015168212843155298	1.0999999982525093e-09
238.0	0.5761137356511103	0.015183890026530223	1.0999999989930446e-09
239.0	0.5777084137982991	0.015234688059540093	1.099999998282031e-09
240.0	0.591072002034314	0.015502870341167705	1.0841910190332533e-09
241.0	0.5902077833227363	0.015487033794144936	1.082784662851295e-09
