Iteration	GP_regression.Mat52.variance	GP_regression.Mat52.lengthscale	GP_regression.Gaussian_noise.variance
1.0	1.0963987468281786	0.4322458412021126	1.9351851700338202e-08
2.0	1.0963987468281786	0.4322458412021126	1.9351851700338202e-08
3.0	0.9845036594269203	0.39890642878711763	1e-09
4.0	0.4977292312100843	0.27661862639521195	0.407380756105922
5.0	0.635993897151812	0.15455031829907045	0.14877167866642974
6.0	0.6169853354795896	0.1808509659947107	0.08524657033754797
7.0	0.673452663962614	0.04946600508354074	3.4538795138143136e-09
8.0	0.644407935931064	0.050716697531735494	2.0569344033658252e-09
9.0	0.6284125350697662	0.05467150551203393	1.2140296099480302e-09
10.0	0.6436324992007743	0.05897394260555433	1.0768400658934797e-09
11.0	0.6494182079053573	0.05769433452215871	1.0999999981595611e-09
12.0	0.6385205701193197	0.05895816865074099	1.073285768327498e-09
13.0	0.6195485597427038	0.059174618768665435	1.0999999975207548e-09
14.0	0.6005930229414526	0.05909294078924725	1.0999999976136604e-09
15.0	0.6175997112239636	0.05883831046097921	1.0999999982761419e-09
16.0	0.6163282452369848	0.05833029034020745	1.09999999842106e-09
17.0	0.8638936186540822	0.06777623251735439	1.0999999961703456e-09
18.0	0.77435519816185	0.06592775573399486	1.0999999982858218e-09
19.0	0.7719092451388624	0.04676015341964143	1.099999999351976e-09
20.0	0.8319553577261906	0.059645231054869914	1.0999999975634712e-09
21.0	0.6693876527577587	0.04053084653102972	1.0999999998874177e-09
22.0	0.635869712966318	0.04215632380565065	1.0999999993693744e-09
23.0	0.633177510755998	0.041200404723518394	1.0999999993199818e-09
24.0	0.6195903428297779	0.04111353215009804	1.0999999990169183e-09
25.0	0.605396698925277	0.04079809709958988	1.0999999995377745e-09
26.0	0.6046557824001155	0.042322961122910965	0.0011898224184572683
27.0	0.5916368684902403	0.04186682968620162	0.0012153954556508532
28.0	0.5792488084935661	0.04170470319650109	0.0012193600543209046
29.0	0.595594565197467	0.04185014742684889	0.0012219556803337792
30.0	0.604111541370916	0.04336749165063664	0.0017461403848559466
31.0	0.6219482331746279	0.04347086055970543	0.0017758393086156556
32.0	0.6116086163087743	0.042767572216483134	0.0018133670148112566
33.0	0.6050830360423793	0.042169363946358514	0.0018592455341644206
34.0	0.5951115844111525	0.041584213848758	0.0018893148787486427
35.0	0.5995374245767495	0.04163140438638786	0.001924889445299337
36.0	0.5907216104475098	0.04122503614626045	0.001964183890717494
37.0	0.5826874159436345	0.040942855216929655	0.0019939193572988193
38.0	0.578157432627798	0.04114401497364654	0.001965194515519124
39.0	0.5688007005083083	0.040969939710922505	0.001974310596151539
40.0	0.5594343552959039	0.040686673092617434	0.0019979909773920742
41.0	0.5528616260431792	0.040686842446015725	0.0019918562773460343
42.0	0.5479036072561958	0.04037728960878347	0.0020293846147714655
43.0	0.5399346802047805	0.040167070934338106	0.0020486690685872387
44.0	0.5364169972210594	0.040232834867273005	0.002091651655319007
45.0	0.5324851146927554	0.040354717303063066	0.002074661390456746
46.0	0.5252117980849419	0.04021340899929545	0.0020856630497675358
47.0	0.5179688026529305	0.03997210804672493	0.002110667816268667
48.0	0.5110271942918881	0.03979538091845848	0.0021283539186527914
49.0	0.5076542479707805	0.03954982780686073	0.0021637868624684105
50.0	0.5074271068239697	0.03991881448180207	0.0017818674258797795
51.0	0.5014461250809648	0.03965957510890756	0.0018071479939220229
52.0	0.49516271572692744	0.039514453118671015	0.0018192989126378323
53.0	0.4901757982215984	0.039472556001941606	0.0018222776919562945
54.0	0.4865009833150319	0.03951198502059264	0.0018185243616081052
55.0	0.48845784699952005	0.03993768211540563	0.0014962648080917255
56.0	0.4858035739393797	0.03971288809201585	0.0015191756206917274
57.0	0.48110890993041827	0.0396683999564917	0.001521858013480478
58.0	0.4755489949948301	0.03952836393645913	0.00153266091954095
59.0	0.470290883713146	0.039330696923154745	0.0015499040201999758
60.0	0.46638050161582356	0.039200828143716906	0.001568878455998365
61.0	0.4612962303216074	0.039038020201433044	0.0015833689674333254
62.0	0.4564981215537448	0.03887844833280819	0.0015989887304958762
63.0	0.45285307814547004	0.03885239951666732	0.0016025066071516402
64.0	0.4487367265697223	0.038780611987599856	0.0016101322991520879
65.0	0.4499720025743868	0.0386608399163117	0.0016312687075575344
66.0	0.4498944365332747	0.03854216051518835	0.0016524623298853742
67.0	0.4563662355525302	0.038582379711516936	0.001669485042105091
68.0	0.4733080247062986	0.0391181982314662	0.0016701606757252617
69.0	0.4730666940105484	0.038443876577563194	0.0016980080700120437
70.0	0.47501003141120446	0.038380054664800295	0.0017173287325461931
71.0	0.4740429212712679	0.03817748736060322	0.0017386219573774027
72.0	0.4708135733021681	0.037939648646566244	0.0017534803414570193
73.0	0.46960231272484776	0.038052021382070915	0.0017481746742663336
74.0	0.4664095577817781	0.03793380082829382	0.0017619526042132086
75.0	0.463073303912627	0.037875330471439046	0.0017711338623011771
76.0	0.46950034662767337	0.03789477434226966	0.0017868068058179954
77.0	0.46895706174365825	0.03779906092962546	0.0018068524732409792
78.0	0.4639251764904938	0.037674855880551035	0.0019667775274317253
79.0	0.4612060166277389	0.03742167268973599	0.0019868226574055233
80.0	0.46040350004098596	0.03733311205275875	0.0020082445946438734
81.0	0.5041580267402894	0.03716239482023186	0.001936990757512706
82.0	0.5013861739212792	0.03662384150867317	0.0019273490501312517
83.0	0.49786577591226583	0.036555659167597274	0.0019380164664361008
84.0	0.495719396116691	0.036421013758214084	0.001958330300952994
85.0	0.48977051216334844	0.036339683071613144	0.002128093522422723
86.0	0.4906691947793118	0.03705483894035425	0.0022384119910668124
87.0	0.48940476072930766	0.03716196336974551	0.002234865638415178
88.0	0.4897107647963014	0.037683492146717984	0.002354445582810264
89.0	0.48687789755046007	0.03767550367549089	0.002357469169723559
90.0	0.48951043209871237	0.03800492476643093	0.002185639484176257
91.0	0.48707792192558885	0.03782743504844015	0.0022026719942012996
92.0	0.4832792416280433	0.03770238921411849	0.00221318093954325
93.0	0.4802912988396968	0.03767182991950435	0.0022175239308978726
94.0	0.47897759430114784	0.035832017942952786	0.0019586577334726363
95.0	0.47606220382132935	0.03581599110721944	0.001964382228879697
96.0	0.4726781379063362	0.03574281619077595	0.0019730458881244404
97.0	0.4694930146139771	0.03561171236732813	0.001985218485763351
98.0	0.4661869871730878	0.03550572777099349	0.0019963224092172183
99.0	0.4629786979793893	0.03542834005186016	0.0020063911363542696
100.0	0.4620254724324958	0.035305542888338974	0.0020206244943474167
101.0	0.4656981054601539	0.03601826326748443	0.00216520448770127
102.0	0.4702712740193971	0.03690026007918253	0.0020679540683950304
103.0	0.4668881041622277	0.03680650191373613	0.0020763863808227817
104.0	0.4652876141527207	0.03666759852289655	0.00209189213279188
105.0	0.46344902996939835	0.03670516002363344	0.0020920386642671166
106.0	0.4607920062673542	0.03656897251618201	0.0021062312913734914
107.0	0.459568583913846	0.03664508434609323	0.002104690106858115
108.0	0.45735811906403945	0.036513748307011526	0.002119314184323907
109.0	0.4549303806769155	0.03649916368883598	0.002124257349783241
110.0	0.45354173263162056	0.03656096962386411	0.002124508528416228
111.0	0.4507579799193556	0.036501032184898016	0.002132952156428812
112.0	0.4486483336863334	0.03638382887261425	0.002147358608197686
113.0	0.4458980592955424	0.03629309627619883	0.002158884624654818
114.0	0.4481054507452887	0.03644840338142459	0.0021766379787623645
115.0	0.44553400737434545	0.036408567621220925	0.0021838584271890635
116.0	0.4435989337490853	0.03642096170424093	0.0021872885807976716
117.0	0.4425292824328656	0.036496392764694435	0.0021870359328529953
118.0	0.4412140697325288	0.0365545920009649	0.0021881180023831564
119.0	0.43929013392432376	0.03656608579836369	0.002192531801443887
120.0	0.43710412922307346	0.03645805776654789	0.0022046906744756225
121.0	0.43813632912353007	0.03639046529735245	0.0022192882188115234
122.0	0.4401072028412064	0.03639442060659751	0.0022351105437291127
123.0	0.43779827788738557	0.03628658992476061	0.002246327533825543
124.0	0.43555689557339633	0.03612322620061183	0.002255171647390272
125.0	0.43491479834590013	0.036078228861658394	0.00227152421247578
126.0	0.43264774565376474	0.03599918306802422	0.002283413793613956
127.0	0.43090582060078153	0.03582688918122833	0.0022936410835367347
128.0	0.43044521766400146	0.035919381447337494	0.0022930285400062328
129.0	0.4389921420049839	0.036035671885593513	0.0022996880180662206
130.0	0.4386736264831955	0.035757995986640013	0.0023083958508018044
131.0	0.43972396874226005	0.03573862251368695	0.002080184493742185
132.0	0.4416215025832208	0.03591433301660702	0.002097648105299359
133.0	0.4457353645682093	0.036282718909212835	0.002115957398345228
134.0	0.4445836898350644	0.036202545080219584	0.002127994387305715
135.0	0.4457647197109695	0.03619132418864982	0.0019314290226335113
136.0	0.4452686858492757	0.036042456478743067	0.0019416245578913248
137.0	0.4438958254799641	0.03594180192288393	0.0019531175161842953
138.0	0.4422051462018529	0.03594462634395605	0.001957378761110327
139.0	0.44093931879484044	0.03583053931655258	0.001966856719740324
140.0	0.43880383315449467	0.03576641341975955	0.001975271037205329
141.0	0.43684715132038376	0.03573623079217702	0.0019819749684190048
142.0	0.43898743196230733	0.035699100736143394	0.001992508121358289
143.0	0.4372627440091573	0.0355467331486152	0.002000942794691087
144.0	0.4356725376472136	0.03538867869031427	0.0020095745492145728
145.0	0.4353318451687513	0.03534629431710384	0.0020222287785930304
146.0	0.4338662021875577	0.035357682182341	0.0020269214317103416
147.0	0.4330707583811706	0.035421004739409755	0.0020286685632197794
148.0	0.43142960522030505	0.035410756223873595	0.002034628001001449
149.0	0.4305637770105847	0.0353289432256025	0.002046042003328648
150.0	0.42919604307790493	0.03534650425191315	0.0020509696236609893
151.0	0.4279596428432264	0.03537487893094475	0.0020553785243075627
152.0	0.4262077827156816	0.035321721756207396	0.002064816942189047
153.0	0.42446872488498977	0.03528283392683905	0.002073458034442536
154.0	0.42357484632984216	0.03533468998358529	0.002076657491348482
155.0	0.4251795668870205	0.03613478742099469	0.0020969609428700396
156.0	0.4235573578003221	0.03611884876322676	0.002103319426373435
157.0	0.4220384690393697	0.036115234162716045	0.0021091493547922497
158.0	0.42034244513149993	0.036083742574066074	0.002117132415629304
159.0	0.42237702765730484	0.03682419546934194	0.0021644159671100607
160.0	0.4234846027880458	0.03690866699948389	0.0020355896480925744
161.0	0.42514793998016176	0.0370415586877899	0.0018894644398932791
162.0	0.42548685114615015	0.03718736645867988	0.0018856011783779192
163.0	0.4236216125145958	0.0371289549280648	0.001892780880867999
164.0	0.42209909165037196	0.03704118553342907	0.0019021868492912536
165.0	0.42111236929220786	0.03708885025305259	0.0019038192015781803
166.0	0.42351568370521625	0.03747519505836794	0.00199916455136988
167.0	0.4229037826900495	0.037552634473379656	0.001998818351838302
168.0	0.4212935758954417	0.03753220847318552	0.00200355317645852
169.0	0.4233115285998713	0.03758620486934338	0.0018737811266548356
170.0	0.4214616097492745	0.03751968271830439	0.0018810267581887813
171.0	0.4237965916126652	0.03763112815213139	0.0017629666864169907
172.0	0.42195106795748843	0.03755915960332539	0.0017701528232463954
173.0	0.4211192735376385	0.0374665225713649	0.0017792061317765185
174.0	0.4235363767878801	0.03755409728871212	0.0016722072405543711
175.0	0.4216794075184388	0.037491761595812	0.0016785268159009252
176.0	0.4207090174556406	0.03755049695058405	0.0016796672087891669
177.0	0.4208525196122025	0.037697903977109606	0.0016770911462751842
178.0	0.4226153319390338	0.0374198580519518	0.0017325395068438477
179.0	0.42091669855518943	0.0373935084369131	0.0017370919544350929
180.0	0.4203459160817273	0.03749355195502717	0.0017370681790629425
181.0	0.4227460250280234	0.03747043901790785	0.0016498427536855808
182.0	0.4217477685227777	0.03752312093879347	0.001650980176558809
183.0	0.4199439859551259	0.03746393149673285	0.001656942130388236
184.0	0.41828596724319733	0.03738744632911252	0.001663943230588927
185.0	0.41748610272957504	0.03729764131276494	0.0016718804728700263
186.0	0.4164729423047228	0.03735712475366817	0.0016737137754545045
187.0	0.4154032948621077	0.03739703597277408	0.0016755418351417062
188.0	0.41510428874548666	0.037316073122056904	0.0016834472690981867
189.0	0.41706552627783006	0.037130205193437266	0.0016627801342803527
190.0	0.41583966903575226	0.03716778873845157	0.0016655320373845468
191.0	0.41445543936059237	0.03718828255964911	0.0016691689061854955
192.0	0.4133830378148735	0.03710544799859679	0.0016767255352096778
193.0	0.41496253192678995	0.0369787271932772	0.0023573486591658595
194.0	0.41328274200163106	0.03693383638059938	0.002364796093786675
195.0	0.4161619355621362	0.03717640604462076	0.00225726575752028
196.0	0.4146249351765665	0.03716810017725048	0.0022625601975202777
197.0	0.41898921088203755	0.038346350961360874	0.0027865761855496492
198.0	0.41725169769865045	0.038293139220887354	0.002795963481399994
199.0	0.420182456825155	0.03842610216845715	0.0026780313512228104
200.0	0.41851834890153605	0.038414013409081474	0.0026854051199121567
201.0	0.4216774276217473	0.03860932518522632	0.0025676851314263304
202.0	0.4247886669594421	0.038729049092389715	0.002487917335366998
203.0	0.42368740090514073	0.03860899638888581	0.0024982734555054
204.0	0.4277233970814097	0.03862445080306916	0.0025048905310566883
205.0	0.43104319009706343	0.03886823278047757	0.0024106440603575427
206.0	0.43022708409797883	0.03866539065834687	0.002419471531286493
207.0	0.4328661719139134	0.03915752442925155	0.002434579049427752
208.0	0.4320284315138333	0.03883778276743768	0.002441867618183266
209.0	0.4333061738952741	0.03917706795603703	0.0024570804001940645
210.0	0.4366225471827226	0.03942370141519661	0.0023601103304426063
211.0	0.43567109384519	0.03957503583987035	0.0023632984172177293
212.0	0.4340067370304489	0.03957870116582372	0.002369362251472959
213.0	0.43281558574448303	0.03967705775605967	0.0023732373124118007
214.0	0.4311380614793308	0.03962267457245493	0.0023816917288483896
215.0	0.43428870582674073	0.039954234858557286	0.0025304060373221265
216.0	0.43293955672176204	0.04004748768512146	0.0025359661998268497
217.0	0.431216494749291	0.039986729418294766	0.0025444237263618774
218.0	0.4302947978737633	0.0401646405495694	0.002548591658419766
219.0	0.4293778106903936	0.04040345261778428	0.0025549759114580402
220.0	0.42891137574286864	0.04027565138716885	0.002564624321925172
221.0	0.4282524613263147	0.04053664930024735	0.0025694298496169946
222.0	0.4287364416597688	0.040340859961638456	0.0025771328982534037
223.0	0.42755548633828966	0.04051705217697847	0.0025851082920186784
224.0	0.4309455628942974	0.04096065717902415	0.002526017235887268
225.0	0.42985972001293765	0.0411601708128805	0.002532986507262895
226.0	0.4294577343164564	0.04159650518759425	0.002541018208926233
227.0	0.4284799380053707	0.04182758344076324	0.002547835780713907
228.0	0.42707950967001224	0.04172858664566519	0.0025569049473874155
229.0	0.4256283671807765	0.0417162113964185	0.002566417697564579
230.0	0.4251977617217933	0.04211407639802722	0.002573921818139788
231.0	0.42593197124366317	0.042928154669060886	0.0025842818272668526
232.0	0.4267270070604441	0.043760710972861085	0.002594638108225412
233.0	0.43108414673274276	0.04478888987894018	0.0025180818341114914
234.0	0.43717649422780197	0.04669137014785852	0.002635238239328367
235.0	0.43587085399480685	0.04688366067701146	0.0026452059026084523
236.0	0.4368130649202284	0.046635473376282335	0.0026511340362012155
237.0	0.4419826078899437	0.04806658665706748	0.00262056613476452
238.0	0.44085936664366654	0.04803347547750762	0.0026305766281933644
239.0	0.4393067710901418	0.04804961514622279	0.0026400289974565696
240.0	0.43777261668307055	0.04811781700985157	0.002648236005262283
241.0	0.4432696276842374	0.04978722882035918	0.002667211869785081
