Iteration	GP_regression.Mat52.variance	GP_regression.Mat52.lengthscale	GP_regression.Gaussian_noise.variance
1.0	0.28436269724173535	0.18274864739833205	0.697614889046482
2.0	0.28436269724173535	0.18274864739833205	0.697614889046482
3.0	0.7843348144621246	0.05465094235318602	0.017377429918002747
4.0	0.7843386492474743	0.07459717841316388	1.0674333560871437e-09
5.0	0.8703820242772085	0.08560556096225638	0.0005992447706188637
6.0	0.8876809759820066	0.13225386390481428	0.0006103579094202381
7.0	0.7967318392198095	0.09096661391262853	9.85102296846782e-05
8.0	0.8816486216127657	0.10670095398256373	6.545471289643606e-05
9.0	0.8428228051022761	0.08634278422062254	1.0564990002253123e-09
10.0	0.9265131228857171	0.1016219696672734	1.0064323908192801e-09
11.0	0.8962963382859302	0.10351930476372107	1.0060839179102405e-09
12.0	0.8755164832681799	0.08779373264537887	1.0416226139342369e-09
13.0	0.9053143446106537	0.09458057983543726	1.0208498268164427e-09
14.0	0.8939282815124586	0.0929003220321652	1.033281621351223e-09
15.0	0.912688528306471	0.09087602185551308	1.0999999931853366e-09
16.0	0.877082432278789	0.08868577005090345	1.099999994409446e-09
17.0	0.8377925214749058	0.0867020265343799	1.099999994579537e-09
18.0	0.8125887759531422	0.08492808378492717	1.0356231609123395e-09
19.0	0.8016717230521888	0.08361675123994577	1.0440311481768556e-09
20.0	0.912608793485692	0.08849546102720482	1.0435647419914961e-09
21.0	0.9248505832461995	0.08417829983186635	1.099999994200894e-09
22.0	0.9131760801225646	0.08454113483790206	1.0488343206428217e-09
23.0	0.9243188604120449	0.08724388055833385	1.048907509404182e-09
24.0	0.9636827829109891	0.08460281415591293	1.0419430556548854e-09
25.0	0.9994457536054975	0.09110457129831606	1.099999994894991e-09
26.0	0.9843642369833605	0.08980330570688795	1.0746642051146023e-09
27.0	0.9095559395572419	0.07715003686149936	1.0847641301990528e-09
28.0	0.9112874340267887	0.08023715236448534	1.0926899786802162e-09
29.0	0.8936141213377918	0.08122891049342479	1.0999999969926148e-09
30.0	0.8679610424384938	0.0804677037769828	1.0999999982200226e-09
31.0	0.8600014451143105	0.08226827119394546	1.0815366836803611e-09
32.0	0.8379991820336201	0.0819187966406357	1.0644621370472592e-09
33.0	0.8283617589755509	0.08216859717260067	1.0999999970792767e-09
34.0	0.809862859457332	0.08218686396298273	1.0999999967937424e-09
35.0	0.7918546296454281	0.08127019256005874	1.0999999969214738e-09
36.0	0.7787676355663389	0.08172384008123873	1.0664172668187434e-09
37.0	0.7794925466599542	0.08348262051371681	1.08241264071407e-09
38.0	0.7645464930336572	0.08356573726053507	1.087524586961839e-09
39.0	0.765112394173393	0.08418866815804646	1.099999997573939e-09
40.0	0.7474983031241568	0.0835521010146873	1.0817236587710123e-09
41.0	0.7357627898126254	0.08382754002560272	1.099999997851859e-09
42.0	0.7203402106496747	0.08337640945012084	1.00650115561622e-09
43.0	0.7086484300321062	0.08259686840526673	1.0787267897314052e-09
44.0	0.6985679313176346	0.08280283334390084	1.0783157689817171e-09
45.0	0.6854158116622575	0.08224125905597679	1.0593033543347417e-09
46.0	0.6851396091940122	0.08357835013245792	1.099999997975976e-09
47.0	0.6730204194614344	0.08330116311734395	1.097305361987599e-09
48.0	0.6669751925653474	0.08304546584845267	1.067383876938328e-09
49.0	0.6569058006321233	0.08237578591501787	1.0999999981358574e-09
50.0	0.6473513309772294	0.08228106575440147	1.0844544851662727e-09
51.0	0.6367608303094817	0.08190453039912038	1.0051741348743404e-09
52.0	0.6281432095002397	0.08182508769258677	1.099999997913412e-09
53.0	0.620878794886085	0.08124923369634006	1.0001575437539965e-09
54.0	0.6230251421405538	0.08106621394458095	1.0999999982955269e-09
55.0	0.6170295600686306	0.08052089504237488	1.0999999984662818e-09
56.0	0.6083638238743799	0.08021934715686534	1.099999998963501e-09
57.0	0.6010114891919109	0.07968648375022952	1.0645651580683595e-09
58.0	0.5938324818964894	0.0791944169095812	1.0826126597305568e-09
59.0	0.600488273392419	0.07893641583719732	1.0999999985245463e-09
60.0	0.5934137811342961	0.0784627825094351	1.099999998579727e-09
61.0	0.5860505525700354	0.07804464744384282	1.0999999990663628e-09
62.0	0.5789221594659336	0.07778240986053098	1.0999999991185401e-09
63.0	0.572199618087655	0.077564292280828	1.090576495549719e-09
64.0	0.5695366124624512	0.07718013113038694	1.0999999986350314e-09
65.0	0.5632309961935431	0.07695899625340104	1.0999999991398535e-09
66.0	0.5627669859385905	0.07659182349013897	1.0999999986100786e-09
67.0	0.5706083908609558	0.07705327022146248	1.0999999990442996e-09
68.0	0.568247272414573	0.07735805514116932	1.0743315960595174e-09
69.0	0.5632140913755205	0.07695625829093033	1.099999998527053e-09
70.0	0.5854203707690565	0.07772673950882546	1.099999999122419e-09
71.0	0.5861186281281578	0.07729795733988777	1.0999999997328206e-09
72.0	0.5860624283545587	0.0765964523309054	1.0927369145567994e-09
73.0	0.5892843817311194	0.07665601276645359	1.0999999988295197e-09
74.0	0.6118256402973956	0.07812731073740406	1.0999999986661952e-09
75.0	0.6159930207754981	0.07820786331729647	1.0999999988755629e-09
76.0	0.6193334739933304	0.07801900318420443	1.0999999986423329e-09
77.0	0.6239235981940003	0.0782641241458245	1.0999999992054772e-09
78.0	0.6260350608586898	0.07687006582249448	1.099999998755197e-09
79.0	0.6220094362182154	0.07702082806937084	1.0999999986799477e-09
80.0	0.6208701561588056	0.07693678526593394	1.0999999987325121e-09
81.0	0.6152170023716117	0.07675099744596733	1.0999999990734604e-09
82.0	0.6117490760643796	0.07692845774989936	1.0999999986748382e-09
83.0	0.6216515087942016	0.07780341892614351	1.0999999982698785e-09
84.0	0.6260999084272796	0.07893831958964209	1.0999999986641864e-09
85.0	0.6213402099235079	0.07856094427762002	1.0999999986193625e-09
86.0	0.6276373766525759	0.07864964888777679	1.0999999986996319e-09
87.0	0.6219091298751609	0.07846718351018381	1.0999999990779545e-09
88.0	0.6178737903393381	0.0785670317317342	1.0999999986395227e-09
89.0	0.6234933521761999	0.0781527907128475	1.0999999986529342e-09
90.0	0.6178137911026322	0.07789289620191213	1.0999999989636446e-09
91.0	0.6155061287465169	0.0781965677103611	1.0999999987597644e-09
92.0	0.610849268946566	0.07815930062054763	1.0019205246579126e-09
93.0	0.6275682254411763	0.07873221642815363	1.0999999991762575e-09
94.0	0.6266450620235359	0.07799430727113396	1.0999999987779884e-09
95.0	0.6342787032857552	0.07872634955793521	1.0999999985646046e-09
96.0	0.6351358882924816	0.07774216206521344	1.0999999988197803e-09
97.0	0.6534915865069727	0.07971756725470237	1.0999999985478798e-09
98.0	0.6828963189065099	0.08124587774209606	1.0999999987424008e-09
99.0	0.6699751605274624	0.07443543253099309	1.0999999986704008e-09
100.0	0.6548145343367201	0.07628914748352261	1.0999999987366377e-09
101.0	0.6507287449388346	0.07597585856342841	1.00929911926752e-09
102.0	0.6430865511989239	0.0771213348211641	1.099999998713292e-09
103.0	0.6396419820210709	0.07680277190682873	1.0999999987032946e-09
104.0	0.6474045468876871	0.07694102402546286	1.0010935845586673e-09
105.0	0.6350848283595913	0.07191846365301367	1.0999999989116037e-09
106.0	0.6200197840353796	0.07373167112114623	1.099999998716287e-09
107.0	0.6176934345647249	0.07345148292118227	1.0999999986770486e-09
108.0	0.6142371506073521	0.07305864119597992	1.0999999986881835e-09
109.0	0.6003625925400958	0.07021076576829137	1.0999999986915472e-09
110.0	0.596164242534349	0.07002875732726535	1.0999999990263415e-09
111.0	0.5827131407954697	0.07123814093450113	1.0999999983972732e-09
112.0	0.5836766362162423	0.071082123991579	1.0767107516076145e-09
113.0	0.5806110429543031	0.07080947629014106	1.0999999983271618e-09
114.0	0.578068185440337	0.07054971240170425	1.0010772558994906e-09
115.0	0.5684889675914465	0.07147643022260215	1.0910161057007286e-09
116.0	0.5659228107867775	0.07121075472281944	1.0999999981472907e-09
117.0	0.5664762127056706	0.07112123480193343	1.0862911235827308e-09
118.0	0.562788681830567	0.07086163360108881	1.0721232414286104e-09
119.0	0.5607687108260009	0.07061664871711557	1.0999999982305229e-09
120.0	0.5455008741344374	0.06829551059380495	1.0999999988612355e-09
121.0	0.5383186760266975	0.06938326971729467	1.0999999974049718e-09
122.0	0.5348971363034973	0.06916388742759846	1.0999999979124996e-09
123.0	0.5320408845060224	0.06909140812100396	1.0999999979628232e-09
124.0	0.5308912263330526	0.0688946668236984	1.053430748443043e-09
125.0	0.5300004142063732	0.06870664951899443	1.057772797922154e-09
126.0	0.5311339212805972	0.06859506319382255	1.0623599308393358e-09
127.0	0.5280800024608026	0.06837324382867589	1.045382241233749e-09
128.0	0.5310600546057695	0.06836936276323169	1.0699097187390259e-09
129.0	0.5293985599641626	0.06811471134014374	1.0420810947167769e-09
130.0	0.5279244567290096	0.06790938658825536	1.0538523555455133e-09
131.0	0.5301609442562991	0.0678531002551159	1.0502397378552567e-09
132.0	0.5272343865751291	0.06767038150425775	1.0417402568372171e-09
133.0	0.5243960903710972	0.06747198091613314	1.086805902476423e-09
134.0	0.5218176616276806	0.06726852132366484	1.099999997848214e-09
135.0	0.5213092622181636	0.06711400852877396	1.0611819893071045e-09
136.0	0.5225801336209558	0.06702040372157479	1.0999999975300713e-09
137.0	0.5224090543181241	0.06691394919905969	1.0999999975404396e-09
138.0	0.5202068854597717	0.0667211491095418	1.0609907125126251e-09
139.0	0.518092656955289	0.0665731106959265	1.0405359992832335e-09
140.0	0.5164483123367263	0.06640270314719794	1.073897668059462e-09
141.0	0.514281455352891	0.06629517676111547	1.0604913221999468e-09
142.0	0.511918270167895	0.06611098589134384	1.0832290024081433e-09
143.0	0.5151982515515734	0.0661347595537521	1.0527420771106747e-09
144.0	0.5131430939538071	0.0659612413165893	1.0999999979939804e-09
145.0	0.5118571880331801	0.0658003461548977	1.07929869438823e-09
146.0	0.5097620232482897	0.06561230669781065	1.0574714950711948e-09
147.0	0.50898720341545	0.0654677870358865	1.012230904746995e-09
148.0	0.5077382018245831	0.06529757300363577	1.084525460577515e-09
149.0	0.5066706278023088	0.06514359276659806	1.0816242965136237e-09
150.0	0.5057808340818146	0.06500278688870131	1.06115991598282e-09
151.0	0.5156597029050042	0.0654488798249235	1.0696166424221306e-09
152.0	0.5139141063608736	0.06532586662025769	1.0999999986188602e-09
153.0	0.5141952411909447	0.06525413484507145	1.0942426996560763e-09
154.0	0.5148654384651226	0.06518169291773324	1.0999999979488474e-09
155.0	0.515176757739821	0.0650246582001733	1.0999999995339759e-09
156.0	0.515783346867846	0.06494383898548971	1.0706754066204658e-09
157.0	0.5184972249108384	0.06492700087489883	1.0999999979410642e-09
158.0	0.5214479292660891	0.06497471149078368	1.0798152272136096e-09
159.0	0.5232896336026065	0.0649912319248871	1.099999998268142e-09
160.0	0.5273961697692701	0.06506084493205208	1.0750710142764136e-09
161.0	0.5266248377144839	0.06490213882109716	1.099999997953029e-09
162.0	0.5247471290433852	0.06473856853726453	1.0656877903654477e-09
163.0	0.523085217942408	0.06462353313078804	1.0641063641839375e-09
164.0	0.5239650374890192	0.06460908214011275	1.0979606655463358e-09
165.0	0.5248106630320327	0.06453589594647807	1.0999999981354304e-09
166.0	0.5243928845252414	0.06441510000730724	1.09999999815162e-09
167.0	0.5246275870556094	0.06433504484663698	1.0893618199015375e-09
168.0	0.5237291615395818	0.06420695840456606	1.0177025092117671e-09
169.0	0.5337619967526936	0.06506114889052904	1.0540052073731851e-09
170.0	0.542018414215921	0.06532335284336166	1.0999999988664928e-09
171.0	0.5404332938379622	0.06526477761158726	1.067233600116953e-09
172.0	0.540129566458924	0.06515473748089845	1.0668166570160513e-09
173.0	0.5387907415712209	0.06501856378148137	1.074414050735189e-09
174.0	0.5395410401858473	0.06455727708449185	1.0999999986670002e-09
175.0	0.5380659442392242	0.06442266927628995	1.0761094305093487e-09
176.0	0.5391982594138086	0.06443594665108583	1.0999999987732113e-09
177.0	0.5389213395363883	0.06433641562152913	1.000003272733008e-09
178.0	0.5410011344150704	0.06435789474880661	1.099999998791456e-09
179.0	0.540303841540888	0.06422375112486653	1.097442220350734e-09
180.0	0.5401747649533352	0.06413513558578628	1.0713687024895738e-09
181.0	0.5415231727775682	0.06417260675288143	1.0775826149972853e-09
182.0	0.5422195564984476	0.06399235333870602	1.0918645783596803e-09
183.0	0.5427141788267567	0.06397320471029543	1.0999999984142715e-09
184.0	0.5426781424359951	0.06387684732927966	1.0999999982033312e-09
185.0	0.5428782869839028	0.06378695980981185	1.0999999995850874e-09
186.0	0.5445408610648764	0.06399036050636629	1.0999999983705226e-09
187.0	0.5445763234726984	0.06380839719205388	1.0999999982551532e-09
188.0	0.5437378270966307	0.06367125815641564	1.087002266638313e-09
189.0	0.5424582299253782	0.06354130157608663	1.0928287488870827e-09
190.0	0.5418951051223594	0.06342799182887289	1.099999998474942e-09
191.0	0.5408274696140732	0.06330493855981813	1.097291337613128e-09
192.0	0.5398557560494496	0.06320031134334284	1.0783403175302585e-09
193.0	0.5386825218969661	0.06309975149555036	1.096090541219045e-09
194.0	0.5399436976334667	0.06305194959253788	1.0999999985225205e-09
195.0	0.5386723453624866	0.06300632181833163	1.0999999988945558e-09
196.0	0.5384294968512744	0.06293537261156769	1.0910953418648187e-09
197.0	0.5417970428501689	0.06302964661095936	1.0999999990161538e-09
198.0	0.5475630925632919	0.0632241904464096	1.0999999990643286e-09
199.0	0.5464333506691436	0.06306385578883522	1.0999999985636794e-09
200.0	0.5457968157820047	0.06274860622894711	1.0999999984936269e-09
201.0	0.5447031199988599	0.06260134805851666	1.0999999985813635e-09
202.0	0.5439123460701212	0.0625200645401145	1.0999999986302167e-09
203.0	0.5430356531223725	0.06242035782590839	1.0999999986210636e-09
204.0	0.5439571907097598	0.062464215442111844	1.0999999988055127e-09
205.0	0.5427962290580957	0.062386265940192545	1.0999999992125292e-09
206.0	0.5441073373615852	0.0624898907757142	1.0999999988843864e-09
207.0	0.5448777176776681	0.06248249845729384	1.099999998657606e-09
208.0	0.5439093313342124	0.062369701986980726	1.0999999986611907e-09
209.0	0.5432774601750813	0.062330872546910686	1.099999999064624e-09
210.0	0.5429637799866851	0.062222724337769965	1.099999998583893e-09
211.0	0.5419500593518837	0.06213746608718643	1.0999999990109624e-09
212.0	0.5411325658832974	0.06197442416803732	1.0999999986392506e-09
213.0	0.5429194882499409	0.062121674883865656	1.0505596925984169e-09
214.0	0.546168666753891	0.06214943177807248	1.0999999989190517e-09
215.0	0.5469039358147525	0.062002004592623255	1.0999999983812937e-09
216.0	0.5550694687778099	0.062334743995607005	1.0999999987519767e-09
217.0	0.5558255454530759	0.06231491428328022	1.0914722258545816e-09
218.0	0.5549839264522546	0.06220494200637917	1.0999999985858604e-09
219.0	0.5559846972154826	0.06218781638869677	1.094796279597392e-09
220.0	0.556304841959473	0.06215900798845235	1.0999999985259916e-09
221.0	0.5557862221219317	0.06200404280352994	1.0962761860934595e-09
222.0	0.5579869799647938	0.06200930420328529	1.0999999986637614e-09
223.0	0.5575901990440207	0.06191783214139904	1.0999999985925395e-09
224.0	0.556965157206263	0.061820365948409735	1.0999999986182526e-09
225.0	0.5579686826314969	0.0617746392935804	1.099999998615399e-09
226.0	0.5575695233029752	0.061687013681806124	1.0999999986210834e-09
227.0	0.5586188539999863	0.06167232348576885	1.0999999986590547e-09
228.0	0.5616844191086929	0.061708661165374296	1.0999999989879202e-09
229.0	0.5615694324023098	0.0616285798235826	1.0999999985553313e-09
230.0	0.5614961052731078	0.06155497506408603	1.0999999985433146e-09
231.0	0.5610064749691455	0.06146933926078993	1.099999998665302e-09
232.0	0.5608594273106979	0.06140206200474312	1.0999999986134144e-09
233.0	0.5598697051595921	0.06116152401509025	1.0999999986749006e-09
234.0	0.561232719094757	0.06123635304116122	1.0999999988500594e-09
235.0	0.5606405917928355	0.06114087588019184	1.0999999987022516e-09
236.0	0.5620323010784221	0.06117465415095803	1.0999999990915678e-09
237.0	0.5610887200245683	0.06102718047001349	1.0999999987211086e-09
238.0	0.5602534096671297	0.06091710736371761	1.0999999987443563e-09
239.0	0.5593695161884228	0.06081043902949726	1.0999999987642529e-09
240.0	0.5597274091960863	0.06077599953692188	1.0999999986840736e-09
241.0	0.559151370403921	0.060650312766657735	1.0999999987386093e-09
