Iteration	GP_regression.Mat52.variance	GP_regression.Mat52.lengthscale	GP_regression.Gaussian_noise.variance
1.0	0.658433211465436	0.008090438031688492	0.2122569366688071
2.0	0.658433211465436	0.008090438031688492	0.2122569366688071
3.0	0.20480426826955792	0.0021787848727140603	0.7823422093665557
4.0	0.8518588451468441	0.0009508524258468985	1.8210504020948492e-08
5.0	0.8416367797423943	0.000993705454523243	1.8210503658507326e-08
6.0	0.8459805447176824	0.0009735651320724264	1.8210503316107945e-08
7.0	0.8414154867405911	0.0010216913613740497	1.8210502993550348e-08
8.0	0.45092424534574427	0.001511791888158321	0.4423363586684995
9.0	0.44809694468995287	0.0015606439731741066	0.44610574834964
10.0	0.4947314464483384	0.001467583904905903	0.36269012852495813
11.0	0.4852058876412131	0.00145014001556055	0.36475082401786335
12.0	0.48915782657207757	0.0015360076080604957	0.3708490649051009
13.0	0.48589167411645995	0.0014275920360937169	0.3622264491666771
14.0	0.3830571205241796	0.001648707690180517	0.5007992126856202
15.0	0.40102094310621994	0.0017970753663178898	0.4941104212443081
16.0	0.3920007165696407	0.0017659058223271692	0.49535715063389113
17.0	0.3606257067822926	0.001271998557292493	0.5273106374624827
18.0	0.3580215977956538	0.0013087536721613413	0.5328045405566738
19.0	0.37224086417368324	0.0012550345428317662	0.5060824793186433
20.0	0.37817755665384306	0.0012921528810004807	0.4925026505496313
21.0	0.3375926676147356	0.001379378247726664	0.5496776886305829
22.0	0.3408481267603217	0.0014219414318272182	0.5509148564741397
23.0	0.35569407409982334	0.0014941627232049266	0.5307094712299073
24.0	0.35178256828436405	0.0014648845956183442	0.54135260151529
25.0	0.37031857277923597	0.0015568766920651897	0.5195572110299553
26.0	0.39910229482279147	0.0014791709554324507	0.48034843841812513
27.0	0.34271483858679014	0.0014098562546645728	0.5309590499541482
28.0	0.36593509541386643	0.0013109405024423495	0.4917378521923296
29.0	0.3808370175650255	0.0011971957541194185	0.4715091027130482
30.0	0.37268177226924104	0.0011937540561506204	0.4736641454013831
31.0	0.31074984403066164	0.035506072986425045	0.6003895526936555
32.0	0.31829473938556063	0.03776258666773105	0.5761407311417336
33.0	0.3216777605547153	0.038409695367497824	0.5722791235057249
34.0	0.3386514592258062	0.03967649679277068	0.5505862279994187
35.0	0.3285104810902493	0.03975523623890163	0.5681718595642263
36.0	0.34458021024452634	0.040882835433229556	0.5524774464239068
37.0	0.3425507608790058	0.04120947786157808	0.5618135128858847
38.0	0.2702861015779797	0.040047610929584226	0.6535816394700095
39.0	0.27770643656114663	0.040792543738098236	0.6497024246177815
40.0	0.2857053048559512	0.04154852605162213	0.6461164305678008
41.0	0.27783878851976274	0.041753190543081256	0.6614098420290372
42.0	0.29267883659354643	0.04282210165351521	0.6508938601139435
43.0	0.31025632861196883	0.044169262848034706	0.6386480133048297
44.0	0.3028051355174034	0.043873100520599104	0.6530839965699249
45.0	0.31774934036083047	0.0449746684547574	0.6453641611839014
46.0	0.32996806774759313	0.04769747317216822	0.637429494372862
47.0	0.3260713737368361	0.046581197814668594	0.6471041874603984
48.0	0.3377239867884545	0.047546358444622516	0.644302781189466
49.0	0.3280369386792129	0.04713136970730656	0.6598910278576
50.0	0.3271025832255296	0.047668000967361256	0.6681219706468653
51.0	0.34641192365836637	0.04930421282915203	0.6591247431260856
52.0	0.3691269824879702	0.05228989902979104	0.6485488653571714
53.0	0.37929567003227793	0.05268723556130061	0.6477152723986067
54.0	0.4063576816857647	0.058026700964163055	0.6377351515664977
55.0	0.44609032431933904	0.06786323990399186	0.6265995251234597
56.0	0.38055236388410285	0.02574228122368291	0.6616945747856574
57.0	0.41027914354905737	0.027437152592393047	0.6507486445793174
58.0	0.37219762132191053	0.025963775715257265	0.6691970908039815
59.0	0.357354498359544	0.02529147706868628	0.6824271520838656
60.0	0.31810110587388707	0.024836417295778658	0.7124830343020093
61.0	0.3335675260761724	0.02580343164261111	0.7058174265017368
62.0	0.3510781326502542	0.026160529201150418	0.7000349910968611
63.0	0.3551417417957298	0.026251305353456763	0.7029580311399503
64.0	0.36465970290720373	0.026402085097480252	0.7026772275527334
65.0	0.38555426932498227	0.02714486711581587	0.6949186777040003
66.0	0.4056180184349534	0.027497670785448923	0.6888992385496346
67.0	0.41194565947960876	0.027442905483041333	0.6907711176555505
68.0	0.4299330928863752	0.0275921622828902	0.6865144395763256
69.0	0.4355781268823614	0.02755580210277812	0.6889635458120495
70.0	0.4426320554131964	0.027584425715267504	0.6907437181810764
71.0	0.46028753111805043	0.027595041973924275	0.6872358642670513
72.0	0.48411069385763683	0.027773175486479416	0.6805217930658295
73.0	0.4741350016847701	0.02804337745750942	0.6903630977636023
74.0	0.47406456004879527	0.028268850321399912	0.6954909276838658
75.0	0.47683042245295226	0.029712977014873347	0.6964598957296083
76.0	0.48817890612099557	0.02958995635101019	0.6961040989839078
77.0	0.50018720145819	0.029485530912065	0.6955661883555939
78.0	0.4988422951419518	0.02960824826309006	0.7008720897200775
79.0	0.5210961802523193	0.029519439707982358	0.6957394725986467
80.0	0.5382707126050228	0.029362967171049248	0.6932294326175583
81.0	0.5584081836423018	0.029150946675722197	0.6896355751458666
82.0	0.5810704237501921	0.029199759330529748	0.6843642089200096
83.0	0.5913628518204265	0.03003936924121995	0.6830077670915823
84.0	0.6028036647476298	0.03107656152611242	0.681629940818266
85.0	0.598603306020513	0.03415656200491063	0.6836448135734197
86.0	0.6061141854580276	0.035869980431046944	0.6832652316220126
87.0	0.5904103087813395	0.035456865210666245	0.6914434522018162
88.0	0.6101616561761383	0.03757752020406491	0.6906248001929874
89.0	0.6527839391060407	0.03951656229583296	0.6822953532210275
90.0	0.6387051404412961	0.042438740689617	0.6845167925284434
91.0	0.5756576622841261	0.046138253410062835	0.703101760716336
92.0	0.6137436021407133	0.038302102046041134	0.6907427881038197
93.0	0.5695554343133822	0.049597632485377595	0.7125240798264029
94.0	0.5837265343106767	0.05592949406227837	0.7139379975127369
95.0	0.6344800773396109	0.086085527152746	0.718967258755199
96.0	0.6254061546817256	0.08770071280295554	0.7260332068272455
97.0	0.5288385522555991	0.052466926712300035	0.7239876155054439
98.0	0.5464448979515957	0.048918279977966	0.718268526538653
99.0	0.555548489905096	0.054331345477275535	0.7208459497155199
100.0	0.5708747960673664	0.05421392150081604	0.7180794745723631
101.0	0.9035568057999119	0.10370236722958	0.6849347176091234
102.0	0.8307023376923939	0.09652872754812925	0.6861571389582103
103.0	0.876944368008111	0.10167233828728456	0.6751227246670876
104.0	0.7831165688337485	0.08804154217819193	0.6793958166180998
105.0	0.7479618415343054	0.05177092850892297	0.6687155910283707
106.0	0.8245526328611217	0.10770871957158419	0.6842013027954964
107.0	0.8295973216773027	0.10671168286618797	0.686053358400961
108.0	0.8536023391562906	0.11293024623265337	0.6840963660519693
109.0	0.8830699307322436	0.12065444253807514	0.6817569008185145
110.0	0.916796730923529	0.13005878022240058	0.6794707633684224
111.0	0.7409184717444626	0.03488134799119612	0.6768805441954445
112.0	0.6846292056776757	0.03413621500002662	0.6823308872004342
113.0	0.6362606797196648	0.03342127521065606	0.686973553660683
114.0	0.6514900865025027	0.033742012746536626	0.6850702148513385
115.0	0.6535733107995738	0.03484250654731743	0.6883467509241532
116.0	0.6584271291492757	0.03437215503540152	0.6816893873295957
117.0	0.8301181070485011	0.16664839801224104	0.693463449442249
118.0	0.8393614740227558	0.16676735598704293	0.693312066061129
119.0	0.8578787718275458	0.16964765836376627	0.690678096265111
120.0	0.8660153643510424	0.16953981149753708	0.6908217419269856
121.0	0.87914972745952	0.17031990902548477	0.6896445659540801
122.0	0.8972832835974087	0.17376917756395108	0.6871511309938153
123.0	0.9140061752757366	0.17568305697649894	0.6850511493455268
124.0	0.9106629134019388	0.1737957032621632	0.6881111947742667
125.0	0.9266647098525826	0.17514158880767777	0.6861184639894208
126.0	0.9347057805586515	0.17492913431817214	0.6864428516076703
127.0	0.9452394627490545	0.17914196620622136	0.685914001579876
128.0	0.9616156055677393	0.18223305724003547	0.6839095231361613
129.0	0.9381207966121154	0.17947130127997002	0.6925111842705229
130.0	0.9548008745078074	0.18156990650555832	0.6901708616823123
131.0	0.8809928873740134	0.1784479765413394	0.7135255731675167
132.0	0.8897274513473552	0.17842623258345047	0.7134194487728013
133.0	0.8997823612963145	0.18221648464785906	0.7128132634502572
134.0	0.9145242289837316	0.18574422798495588	0.71135174911923
135.0	0.9270007616237774	0.18781080197083536	0.7101959999096528
136.0	0.9408186445509256	0.18996230595089383	0.7087823978912724
137.0	0.9617566970403137	0.19258491789907922	0.706187182460568
138.0	0.9410232851737222	0.19234020773833116	0.7110451754039333
139.0	0.9521567542071381	0.1928799578725655	0.7102160466435621
140.0	0.958353082201753	0.1930516447225381	0.7107111909789626
141.0	0.9730241036640113	0.1938108299811006	0.7089393823547135
142.0	0.9600884858682224	0.19330868932295028	0.7145493364613976
143.0	0.9753678013277123	0.19425162289072936	0.7125038165728583
144.0	0.9904317931431477	0.1950298089019368	0.7105863040949824
145.0	1.0038733566301938	0.19552061410332033	0.7091668052466212
146.0	1.0113806968474672	0.19557142151651685	0.7093658126620035
147.0	1.0256749234125322	0.1969787027475382	0.7076088181406869
148.0	1.0352055486641363	0.19715088405531356	0.7072616276983322
149.0	1.0330377771047798	0.19686353130281076	0.7099641063885329
150.0	1.047372509857898	0.19807214312166943	0.7082080241248709
151.0	1.03813883769531	0.19771496149677412	0.7127119544332375
152.0	1.0526812951104199	0.1986328146278264	0.7109090490183163
153.0	1.0674083604518922	0.19935819802933674	0.7091396567708378
154.0	1.0591346103361468	0.19904584733260444	0.7133368091531601
155.0	1.072362876826346	0.20023721283325077	0.7118203631457428
156.0	1.0757235766495479	0.20260150160140303	0.7126392985042889
157.0	1.0907539481072535	0.2035849512749742	0.7108468119675142
158.0	1.086012467491467	0.20335500933150294	0.7138959746764895
159.0	1.0680219598418301	0.2031094680017682	0.7202389102509533
160.0	1.0821141800315253	0.20363639007557297	0.7186194521990088
161.0	1.0911730048059542	0.20371674459253714	0.718333965980432
162.0	1.0979323827578955	0.20370406038326355	0.7186268122887431
163.0	1.1081864941284496	0.20378992063088858	0.7180485478747645
164.0	1.109621586137477	0.20367410370599778	0.7196563367572407
165.0	1.1126053811548449	0.20357765662908917	0.7208887915197401
166.0	1.1236083580817056	0.20469513224386623	0.7198387326438956
167.0	1.1367415933818978	0.2049876524210579	0.7185197234614356
168.0	1.111489164072521	0.20517163237975028	0.7263930633723847
169.0	1.123991036955398	0.20531423345721106	0.7251951761996733
170.0	1.1372426862341232	0.20561075687591815	0.7237902500347208
171.0	1.1410827822525342	0.2055105744971107	0.7247532826945664
172.0	1.147699606135602	0.20542038257565404	0.7250509201673442
173.0	1.159733634086484	0.2054824550932219	0.7240016639041819
174.0	1.1687220612766593	0.20540497717532089	0.7237305284322315
175.0	1.1807796634076277	0.20545692214114075	0.7226914492418959
176.0	1.1514955020522588	0.20628143998547574	0.7312539442712668
177.0	1.1564916647295416	0.20622715034814226	0.7319117383128103
178.0	1.1664297321883013	0.20612303503747248	0.7313743527113977
179.0	1.1766079501832056	0.2060122300526202	0.7307808619366032
180.0	1.168467520306761	0.20645418264170706	0.7344631147249552
181.0	1.169025554628915	0.20661303191193284	0.7361432779217992
182.0	1.1811997797147107	0.20671973436639593	0.7348568953667562
183.0	1.19368007962775	0.2067359093630004	0.7335845067033742
184.0	1.2022631675911517	0.2074669434017078	0.732932974482082
185.0	1.2041564422784075	0.2090485612149974	0.7335936169489841
186.0	1.2165079589179237	0.2091658782687694	0.7324340819925893
187.0	1.2141136879483054	0.21134201579740602	0.7340238794962943
188.0	1.2206606486594263	0.2112016299375961	0.7342125826307498
189.0	1.2312173487545481	0.21118761649553666	0.7335156221836729
190.0	1.2354345555875617	0.21101035169750548	0.7342125908336852
191.0	1.2478164424716105	0.21135368698442436	0.7330481646991351
192.0	1.2555204661583397	0.21261136352619142	0.732728016067172
193.0	1.2676282618805832	0.21282199694911352	0.7317070310045951
194.0	1.2802126145320345	0.2132436299470125	0.7305730767056948
195.0	1.2892317878080781	0.2131878692480083	0.7302338553001285
196.0	1.2964080060242367	0.21304168173087293	0.7302779975887105
197.0	1.2960001950976774	0.21276065718102258	0.7318709230506699
198.0	1.2656191339336498	0.21306060684196387	0.7395083616398224
199.0	1.276477774427165	0.21302120634496124	0.7387334718909278
200.0	1.2865790465734983	0.2129347256584636	0.7381336744453013
201.0	1.298199254520562	0.2129863517950897	0.7371937027684005
202.0	1.3052241822118569	0.21412581609601058	0.7369649815778291
203.0	1.3170517174733114	0.2142953024786366	0.7359997590172718
204.0	1.304219777014371	0.21419320863951244	0.7399707005937421
205.0	1.3061778302753384	0.21401065914194567	0.7410331033564058
206.0	1.3176508204719104	0.21404424176393083	0.7401296071942632
207.0	1.3293276883230971	0.21416880624792678	0.7391647124997305
208.0	1.313135135924335	0.214357254881405	0.7437520191984345
209.0	1.3243081697239645	0.21466340135279804	0.7428053829197301
210.0	1.3311595291755793	0.21447861961951678	0.7428688281516304
211.0	1.3367616654488488	0.2142927563982237	0.7431855350014059
212.0	1.3438953802146683	0.2141063052702928	0.7431953134742534
213.0	1.348482669941963	0.21393973950170653	0.7437161221869941
214.0	1.3550979597243535	0.21478799222049522	0.7434845042694244
215.0	1.3537899540613871	0.21469044981418678	0.7451250834610048
216.0	1.3539397543532719	0.21461438074868922	0.746484666519325
217.0	1.3589105479882841	0.21445952374476565	0.7469102936379365
218.0	1.3697010561855305	0.21432905263180166	0.7461423144005618
219.0	1.377432008526113	0.21413557285852794	0.7460269698377403
220.0	1.3880207025083733	0.21431500062847003	0.7451832036922772
221.0	1.389962691082347	0.21557251723201193	0.7457086654960495
222.0	1.4008217149378963	0.21553727369465156	0.7449467289840696
223.0	1.4045003261204465	0.21681847375838295	0.7452424866954621
224.0	1.4023758670139836	0.21658761885120986	0.7469095196994827
225.0	1.4133290813023949	0.21661870548844175	0.7461307655729714
226.0	1.4074093196721325	0.21649633892346598	0.7484774214518668
227.0	1.396568762180454	0.2166369441228724	0.7517103907801959
228.0	1.3947593078897673	0.21662412245453896	0.7533192103323386
229.0	1.4014658667309068	0.21642943130757236	0.7533577134557502
230.0	1.4059388133439807	0.21728625000159685	0.7534284152911582
231.0	1.4144437029240509	0.2170873652325582	0.7531162141338503
232.0	1.4249667046087493	0.21724836036638412	0.7523278604309589
233.0	1.4295917659987343	0.21704224729017466	0.7527372990769059
234.0	1.438074733265701	0.21756008117034573	0.7522348207836645
235.0	1.4428829122014255	0.21861139028041174	0.7523151203714227
236.0	1.4381995136662973	0.21843816449686626	0.7543063444282719
237.0	1.4384616712623446	0.21825944647097634	0.7554514303904101
238.0	1.4487634012008497	0.21817971071965975	0.7547831503853863
239.0	1.4588398700326037	0.21807866126524006	0.7541705399637155
240.0	1.4693742752548478	0.21806062469927745	0.7534639146844203
241.0	1.4766133660178054	0.2178383865107231	0.7533861908168104
