Iteration	GP_regression.Mat52.variance	GP_regression.Mat52.lengthscale	GP_regression.Gaussian_noise.variance
1.0	0.6685701850327253	0.10738399212745765	0.23765600296502434
2.0	0.6685701850327253	0.10738399212745765	0.23765600296502434
3.0	0.23888055224260088	0.11949648264717982	0.7343201072266071
4.0	0.30659303950537775	0.12531293053831077	0.6458282266480185
5.0	0.5656331216789319	0.0043134210810077175	0.23424270890030519
6.0	0.5473881272005842	0.0034368750085523258	0.24555601067636362
7.0	0.5732627894431981	0.002959868377384525	0.22733662214148875
8.0	0.73616099527832	0.0007906144775768875	0.055899638468648705
9.0	0.5901387241436997	0.0029382900519269103	0.19328067633019216
10.0	0.6906063364784479	0.0030347751372562007	0.18917454746105614
11.0	0.6486105286617024	0.002971408601973289	0.22993983676681587
12.0	0.6400753506957632	0.0026207397074055187	0.24223031117684782
13.0	0.6975764302486638	0.003159128153898922	0.2256824870001577
14.0	0.7403521523636853	0.0034636772318790234	0.20398624161566806
15.0	0.7504942945599424	0.003547453899163258	0.21881633360102234
16.0	0.8023544595590872	0.003761371646842699	0.21171463047893066
17.0	0.8127774437585291	0.0038081188084592263	0.2361866192556389
18.0	0.8864953351552118	0.004278663947603394	0.21849655441588725
19.0	1.0645322163951252	0.24865275511672352	0.37955058188475427
20.0	1.0201622304076468	0.24235280652364413	0.3891745505667031
21.0	0.8473379024428378	0.004257220898872524	0.22001767451684343
22.0	0.8001224800776531	0.004063932919827287	0.21997411473331427
23.0	0.8537771964887851	0.004761566884339049	0.21521769740251126
24.0	0.9255248683428456	0.005816999225330669	0.2098967783956935
25.0	1.022079801559801	0.006832686225679741	0.19984026462648913
26.0	1.0879729294175255	0.007914094270733293	0.18859002643669073
27.0	1.152621987906705	0.008645257486996549	0.17409675939474759
28.0	1.1654245691775253	0.008578206705423605	0.17187522436375513
29.0	1.0725322339825194	0.006068642620308388	0.18171607507968116
30.0	1.028671318673784	0.006044856606558999	0.2268732299045009
31.0	1.0734231427306549	0.0058493118176446415	0.2097137157092149
32.0	1.1378479219569921	0.007664015420451023	0.22464230976188748
33.0	1.2088921217108248	0.01447838359877823	0.3062460220973464
34.0	1.1243156770169185	0.010062544533064016	0.29562128152134975
35.0	1.038061143527018	0.008556929868169662	0.28792314754558096
36.0	0.9595617576037445	0.007663443461389471	0.287229460590844
37.0	0.9505202831329645	0.007824303306987183	0.2732063774734454
38.0	1.0106619524130451	0.009023655721352233	0.24747359711576591
39.0	0.9747223020818011	0.008808327095347127	0.24054500828816694
40.0	0.9259656925514546	0.00833121419739073	0.23903546314654578
41.0	0.9469165375737691	0.009503229483239803	0.24722487275052135
42.0	1.0191435858985174	0.0111090358172597	0.2482393194159665
43.0	1.057133806673878	0.011626342146442308	0.24081966268668847
44.0	1.049820948713346	0.011357608035943628	0.2503145574168781
45.0	1.1328191230775544	0.01581271374305706	0.26245827176311437
46.0	0.9286529328770035	0.005788855152230959	0.22261667979768585
47.0	0.828829703160638	0.003042889451445536	0.2163275907081561
48.0	0.8172300403116142	0.0030766687621954754	0.2133971090475168
49.0	0.8345056042948772	0.003172706568138859	0.2069743567035239
50.0	0.8633525232604105	0.00312476659457076	0.1910892081789232
51.0	0.8540348510749878	0.0031304701985543654	0.19682247488315524
52.0	0.8402256885234965	0.003089010578746171	0.19919558473007998
53.0	0.8231097500410995	0.003045517954026958	0.20138697985536325
54.0	0.8084209100447883	0.0030410640097812253	0.20085867870499718
55.0	0.7993026194311914	0.0030727945600927662	0.19790297661636996
56.0	0.7850819800728266	0.003038083968992622	0.20007666388992154
57.0	0.7708342423351787	0.0030173117431276666	0.20129944191481777
58.0	0.7697040269066304	0.002991146802582494	0.20347203542764913
59.0	0.7894054860460361	0.0029617338638254272	0.1893544231744853
60.0	0.7842615778313029	0.002950232671583756	0.19214618139658377
61.0	0.7713913171659578	0.002920526571989099	0.1938172487854148
62.0	0.7716195551016268	0.003060593219403607	0.2042615228872952
63.0	0.7896155314314017	0.003105866111471094	0.19789097011822926
64.0	0.7969497302834149	0.003180344434997303	0.20028279171615754
65.0	0.7831917373394731	0.0031561606147455937	0.2007729953507941
66.0	0.7822712315403073	0.0032028314964841252	0.20356104667858602
67.0	0.7728796511142487	0.0030643151069369174	0.20444613101825487
68.0	0.696465579812242	0.0039155008368848354	0.3049752188263424
69.0	0.6816156455420797	0.00385635602950244	0.3058466791067658
70.0	0.6593352216768694	0.003417815691619985	0.30703296112632367
71.0	0.6504221644059761	0.003416321259133035	0.3056190510281941
72.0	0.6397827981266525	0.0033261521801466647	0.3069132727612707
73.0	0.637759573705249	0.003402483479308083	0.31060474865938803
74.0	0.6262485370249348	0.003361744391342069	0.31233682773125504
75.0	0.6453525802907206	0.003532311114978352	0.3124754302208099
76.0	0.6522400850854452	0.0036471770183165936	0.304580367008191
77.0	0.6685690989551857	0.0036631158100063166	0.29751682496566884
78.0	0.6915507626187821	0.0036311517627727057	0.2858311766117241
79.0	0.7082820093138448	0.0035509024912500123	0.2734222546450546
80.0	0.6969847845927384	0.0035236422744784482	0.27335040892279927
81.0	0.6870906054154432	0.0034370601614269205	0.2758740737386258
82.0	0.705977764054607	0.003593732511964352	0.2721688953722722
83.0	0.6931465990195291	0.0035439791733669333	0.2730653140906727
84.0	0.7104164617808775	0.003553826683373138	0.2654525614416073
85.0	0.728247328724607	0.0035056239736258785	0.25437358421933
86.0	0.7157724098503849	0.0034444135315637413	0.25623407554272964
87.0	0.7513887961463621	0.003758732154304475	0.24228438051978904
88.0	0.7481353348257846	0.0038021490635567557	0.23888349140813678
89.0	0.7719006600657797	0.004089435476408556	0.23813557436185268
90.0	0.7586318534514238	0.004037184147450727	0.23828108757972363
91.0	0.7578271882217594	0.004104718903609712	0.23425077364158214
92.0	0.7476631993864369	0.004037813648699126	0.23601486634257435
93.0	0.7388787081966132	0.004029997736692683	0.2347865041364372
94.0	1.0010225011178755	0.16669122759123323	0.46946042033617685
95.0	1.0158364337932904	0.1675741772168356	0.4681391706902781
96.0	0.6843902178094824	0.0045933889575394595	0.29807665486014256
97.0	0.7003888465620565	0.004717896344336131	0.29290413169227
98.0	0.7059225201677861	0.004855279586266451	0.29713371750643924
99.0	0.9878126195543205	0.17478722879686406	0.48891957877712006
100.0	1.004256233142657	0.17511561880038298	0.4852576018517137
101.0	1.00657974213967	0.17662267089301148	0.4916446298975163
102.0	1.0229657592145271	0.1768194476691112	0.4877089261678244
103.0	1.0392495845965004	0.17707808240032274	0.48416882974691655
104.0	1.0543938829511477	0.17750346107301126	0.4818841888361406
105.0	1.0702238485157087	0.17781536272893683	0.4789804339629153
106.0	1.0821299486918563	0.17792181814959562	0.47627307429571053
107.0	1.09371174995891	0.17805439414230528	0.4736920188654461
108.0	1.1085873664455401	0.1784487542592022	0.47162320501803584
109.0	1.1078619560461809	0.1798699716424539	0.4795207378238648
110.0	1.119558167425235	0.17999659154710543	0.47702687007669675
111.0	1.128479231610876	0.18077157820620227	0.4789892396961739
112.0	1.1435279205622806	0.18106163458422012	0.47672969908903484
113.0	1.1566965676250864	0.18117739821386164	0.47393408448570246
114.0	1.1685284787406294	0.18132394006434935	0.47155187217089095
115.0	1.1835299975005358	0.18148526694532044	0.46853376987880474
116.0	1.197882913857307	0.18180771663504625	0.4668735562399885
117.0	1.1976277973057385	0.18296719418531998	0.47403207004188574
118.0	1.2111757374998178	0.18308814198903545	0.47134530095742844
119.0	1.2219825167553822	0.18360203686034135	0.47205120647724685
120.0	1.2362656378779973	0.18371877661462485	0.46933104939590825
121.0	1.2508821584180025	0.18384730794182386	0.466649643853686
122.0	1.2611747108620321	0.18435060616350463	0.4676741425355428
123.0	1.2760847216016253	0.18450604632394443	0.4653825520585354
124.0	1.2800549283326312	0.18532612719292557	0.4698816584015378
125.0	1.2844205664917063	0.18611970875101283	0.47404345574183687
126.0	1.2945380482303164	0.18658509142447138	0.475019458731412
127.0	1.309188117396801	0.18665029660138543	0.47262859319316053
128.0	1.3238815844562322	0.1867223666332295	0.470318217556121
129.0	1.337298357574548	0.18678180821165358	0.4680990949707822
130.0	1.3404639206546485	0.18757743262875104	0.4726896518045699
131.0	1.3488902013614026	0.18772970465170602	0.47187583684397577
132.0	1.3610744644553385	0.18800557471230883	0.47162480036341264
133.0	1.3710499202416768	0.1884010134003919	0.47260062242798834
134.0	1.379240232399824	0.18888929484369338	0.47447552743915966
135.0	1.3892861904156795	0.18926946496678748	0.4753592354935826
136.0	1.4011597801745006	0.1895333905475952	0.4752520102725112
137.0	1.4086639788055915	0.1900498823097538	0.477370658772918
138.0	1.4212453572598347	0.19025157217431002	0.4768519860250141
139.0	1.4306857871817522	0.19064857329165946	0.477970732704484
140.0	1.4438644503557132	0.19061698542122518	0.47610549601029767
141.0	1.4534526589288457	0.19098925632197725	0.47712304538324685
142.0	1.464715704711559	0.19097662430564227	0.4757243845211524
143.0	1.4778651050168776	0.19110467979184856	0.47488503533305226
144.0	1.4918602796574199	0.1910756797427672	0.4730430502082106
145.0	1.5049196711070636	0.19104231026741364	0.471316221673181
146.0	1.5190774037251538	0.19105245720322767	0.46973640901502867
147.0	1.5286158722495033	0.19139083891860226	0.47077288020584773
148.0	1.5421652981422136	0.1914589897677504	0.4697194098432146
149.0	1.5482236842098074	0.1919901548220086	0.47230140662833225
150.0	1.5602753417902153	0.19215898224876038	0.47207773264890596
151.0	1.5736803682218852	0.19222141359924008	0.4711244448388669
152.0	1.5670372829787562	0.19266081533462426	0.47514159295999214
153.0	1.5732198656306633	0.1927817254300791	0.4752488091949444
154.0	1.5826618108378372	0.1930575302980177	0.4761923005089271
155.0	1.5962423108092942	0.19308362442132732	0.47501386851746996
156.0	1.6100403533868632	0.19306968518775752	0.47356642398499565
157.0	1.623320262649006	0.1931129256503242	0.4726108065358171
158.0	1.6279647007741858	0.19362368036268637	0.47556395543215196
159.0	1.6358075960965515	0.19397304903910034	0.4771412077379878
160.0	1.6220378600456011	0.1946559257831782	0.4831393907668233
161.0	1.6162024189519038	0.19517936902502103	0.4866836719790976
162.0	1.628287349320427	0.19522246250755848	0.48533730931790775
163.0	1.617934902619973	0.1959712762330627	0.4901551745683887
164.0	1.6096716298717726	0.19668164869833274	0.49785244937081863
165.0	1.6226382636859045	0.19672034113897274	0.4964457800155663
166.0	1.635363516356494	0.19676587878558607	0.4954997598351274
167.0	1.6259200825165543	0.19754153250996592	0.503380736142015
168.0	1.596496899901832	0.19904735626621659	0.51815907285224
169.0	1.6091022391644052	0.19906786345525956	0.5171290996782513
170.0	1.6218720520255923	0.19906690109729222	0.5157751058248754
171.0	1.6232280096089864	0.1995000115670772	0.5192896524949986
172.0	1.6299180724568183	0.19964393996082946	0.5191585740409815
173.0	1.6414170142496012	0.19969737010827374	0.5186820142432722
174.0	1.652075834473682	0.19974613930831195	0.5176414905875019
175.0	1.6634726311949666	0.19979830754259006	0.5172174259872528
176.0	1.656501747329342	0.2004790952178488	0.5235174234154435
177.0	1.6690933289009613	0.20047152038033528	0.5224137922363951
178.0	1.679956511524419	0.20053500643147054	0.5221901032491568
179.0	1.692511111452975	0.20051264263265586	0.5209663403364161
180.0	1.6723728243612828	0.2016743571150078	0.5313861362712041
181.0	1.666662493947011	0.20213694866861315	0.5344105762957828
182.0	1.66960805002825	0.20243263168155198	0.5369795379544827
183.0	1.6723291285502169	0.20269332290873096	0.5377876262963912
184.0	1.672181916451784	0.20305501339989418	0.5413425642863416
185.0	1.68115200208051	0.2031479661180357	0.5416949267022674
186.0	1.6668977038396458	0.20400216057298942	0.5496826881267819
187.0	1.676947156054797	0.20402201413701443	0.5487841536906412
188.0	1.6890260367721939	0.2039998930279406	0.5476624880277531
189.0	1.701117343040786	0.20397982809935739	0.5466056917453468
190.0	1.71314967991661	0.20395895146218201	0.5454982000243938
191.0	1.717361774870624	0.20418850113285067	0.5474189958360911
192.0	1.7293147956085226	0.2041647742222625	0.5464889706547683
193.0	1.7185047898250758	0.20489385516728248	0.5530633164136279
194.0	1.728446726518992	0.20489521325029622	0.5522262223349821
195.0	1.732637934481174	0.2051270382339867	0.5540517657629513
196.0	1.7435903387255063	0.20512953971900916	0.5535540778418108
197.0	1.7532523645124194	0.20517889499946595	0.5535413863175362
198.0	1.699549039356586	0.20599314428299514	0.5539583418881479
199.0	1.7109191688848777	0.20596329814872422	0.5531407233360244
200.0	1.7225099767898238	0.20592000228366053	0.5521140619876064
201.0	1.7330113362855226	0.20590677592571052	0.5511777049333703
202.0	1.7427180930762467	0.2059321439043276	0.5510499708243223
203.0	1.7540747467825581	0.2058989356482756	0.5502577841834982
204.0	1.7653894989756815	0.20586568761889665	0.5494935933626143
205.0	1.7767823529827214	0.20582793970124225	0.5486958256698994
206.0	1.7838198217507268	0.20590372868672902	0.5484757458238083
207.0	1.7892434087235414	0.2060605581197004	0.5497734501254689
208.0	1.7998264326384317	0.20604898181292455	0.5493259254679729
209.0	1.8042197448460016	0.20624960506722845	0.5509190630203744
210.0	1.8136513416876423	0.20627855583034926	0.550886073493673
211.0	1.8200735374634915	0.20634024932745954	0.5508057167235888
212.0	1.831492079863775	0.20629016873445852	0.5499553898411507
213.0	1.8051541691372481	0.20749837347272704	0.5602636053896709
214.0	1.8115005191152402	0.20761969762447882	0.5611445685102653
215.0	1.8226606405415335	0.20755628449304755	0.5602271534388433
216.0	1.8339210703590132	0.20749709036860875	0.559402583220352
217.0	1.8433483572545386	0.20751025791869349	0.5593075197952524
218.0	1.8423175684343756	0.20789391187550105	0.5623095104514677
219.0	1.8532490077650965	0.20784270476021266	0.5616589620554697
220.0	1.8628095922311716	0.20785114779047995	0.5615140148912301
221.0	1.8738760660286355	0.20776719451822503	0.5606377173408068
222.0	1.8774096793416846	0.2078594376262569	0.5611549172302273
223.0	1.8882997802187194	0.2077917367717662	0.5603016105021631
224.0	1.8964879711559617	0.2078417630045772	0.5605831765427
225.0	1.8990147506414363	0.20809150547218078	0.5624932240372302
226.0	1.9093981310171326	0.20805738451413713	0.5620537170973794
227.0	1.9138179023998114	0.20824978783237888	0.5634077829716885
228.0	1.9248878993288485	0.20816187234982209	0.5625907456639399
229.0	1.9352436982627066	0.20812492208838174	0.5621604843346497
230.0	1.9459780795392316	0.20806992306210795	0.5616048658325785
231.0	1.9563224830662158	0.20803306374433336	0.5611925118971098
232.0	1.933385545639614	0.20876688353919584	0.5674025959419945
233.0	1.939980510870077	0.20885040248177955	0.568079826074355
234.0	1.9489243812852812	0.2088575244817879	0.5680677756849556
235.0	1.953150219350475	0.20902712180324148	0.569386275707685
236.0	1.9640311069082375	0.2089505992117829	0.5686632508387535
237.0	1.9736959649124526	0.20893159203311423	0.5684315667474229
238.0	1.982958711312989	0.20886771118906033	0.5678491094845127
239.0	1.9890095376108652	0.20897805259108423	0.568648297712271
240.0	1.9950414591568058	0.20898369166919736	0.5686436318119644
241.0	2.0053936358224727	0.20893418638254213	0.5681785522368669
