Iteration	GP_regression.Mat52.variance	GP_regression.Mat52.lengthscale	GP_regression.Gaussian_noise.variance
1.0	6.902693902105604e-09	6.670713517799223	1.0000022984691148
2.0	6.902693902105604e-09	6.670713517799223	1.0000022984691148
3.0	6.9026938582924565e-09	6.670713517796718	1.0000001793672646
4.0	6.9026938582924565e-09	6.670713517796718	1.0000001793672646
5.0	6.9026938582924565e-09	6.670713517796718	1.0000001793672646
6.0	6.896818264400249e-09	1.3725862094145047	0.9999923898346671
7.0	1.838061959767486e-08	0.17360011085319785	0.9999928643527152
8.0	0.9722888614647776	0.007260226609868029	1.2904832439171826e-07
9.0	0.32866614824044205	0.006878219009240777	0.6580229357450879
10.0	0.728512444881263	0.0023655490734808492	0.2129281322706139
11.0	0.7252381885215069	0.0016962117169228026	0.12842048899527667
12.0	0.45313637832823683	0.0008176264982596404	0.47386830011787845
13.0	0.45067830172108886	0.0007891456074537065	0.4895966100274894
14.0	0.44628862614430187	0.0007639205488910889	0.4995117379529002
15.0	0.965846804825123	0.0002861809029225061	0.013062969129120416
16.0	0.980632563277443	0.00027884872310942753	0.012524979205052572
17.0	0.9756412719093821	0.00028061664100109283	0.012919280600814322
18.0	0.9751284519472916	0.0002780589698132331	0.01339186380722001
19.0	0.9697570652189857	0.00028193535207235123	0.013580127259566253
20.0	0.9679948135318017	0.0002807030889929389	0.014069876427913667
21.0	0.9628976948771135	0.00028571562347570495	0.01405856270826781
22.0	0.9588350440479563	0.0002876199245958462	0.014388702000878086
23.0	0.9578952468321842	0.00028622222614380625	0.01485113885973425
24.0	0.955495630133941	0.0002970813134257617	0.013617244140785786
25.0	0.9518586966561691	0.0002989859979821283	0.013884861426286853
26.0	0.9483073532339572	0.0003053962781588025	0.013494782938469348
27.0	0.9477378362368495	0.00030406376709035416	0.013876560328967965
28.0	0.9446396293609489	0.00030554434321384747	0.014148378293438811
29.0	0.9454460104217046	0.0003186527108661683	0.013841266659085204
30.0	0.9508409928229655	0.00031493686132287845	0.01384843988302622
31.0	0.9562189609153605	0.0003111225940817846	0.013826489560568967
32.0	0.9591005472310848	0.00030794725171459235	0.013975091432632519
33.0	0.9565341728715553	0.00031521093877405167	0.013460006858362199
34.0	0.9551844210903393	0.00031469921745470506	0.013783999261713422
35.0	0.9523404198553125	0.000318446956065248	0.013749408205696933
36.0	0.9942767265374054	3.275545669418016e-05	0.013132237382058555
37.0	0.9933005786349552	3.275146739010781e-05	0.013413222737554171
38.0	0.9930272297359761	3.274935987705977e-05	0.013642338157948086
39.0	0.992467057557266	3.2746591484984955e-05	0.013919650837120467
40.0	0.9922463264467092	3.270398238636066e-05	0.014135809665856657
41.0	0.991371567236059	3.270015060651537e-05	0.014386523242413626
42.0	0.9932754502558455	3.25876251052191e-05	0.012491756863484095
43.0	0.9939517601112828	3.258386640128732e-05	0.012441838883024444
44.0	0.9985593698982309	3.25803439974338e-05	0.010842942246139707
45.0	0.9982840158977495	3.257873519955501e-05	0.01100960724149948
46.0	0.9978122266372844	3.257656536970239e-05	0.010805438349716479
47.0	0.9973049064643867	3.257389843362731e-05	0.011001587391286902
48.0	0.996697210033883	3.257377183464312e-05	0.011002950753807637
49.0	0.9960442042412935	3.257088053050795e-05	0.011155485218938147
50.0	0.9957615966649633	3.2568010156356574e-05	0.010868000490547702
51.0	0.9951941973128445	3.2567892926808125e-05	0.010865448622973062
52.0	0.9948620715128291	3.256588902981866e-05	0.010659508037455264
53.0	0.9950353110382	3.256329230427241e-05	0.010711181508140578
54.0	0.99449401482293	3.256061014482526e-05	0.010858407107703411
55.0	0.9946925105091262	3.255851872642742e-05	0.01089327704609295
56.0	0.9946980204896775	3.255655854575865e-05	0.010984796795082234
57.0	0.9942690953975551	3.2553487894975734e-05	0.01115250660162302
58.0	0.9938650729970125	3.2550404266962454e-05	0.011321164321295948
59.0	0.9940247030505499	3.254835905819211e-05	0.011358521813417123
60.0	0.9943700425776376	3.254824924298823e-05	0.011355742023026177
61.0	0.9939612755101717	3.2548144995228925e-05	0.011356755666922671
62.0	0.9936435253273078	3.254543684132148e-05	0.011274683441047697
63.0	0.993252078512838	3.2545337295200424e-05	0.011273118159078476
64.0	0.9928507725332092	3.254309721397952e-05	0.011388469617757446
65.0	0.9933589574140915	3.254077036646918e-05	0.011289808832982027
66.0	0.9928894125285234	9.768504215863594e-06	0.011320462339233436
67.0	0.9925727869212776	9.768039090324394e-06	0.011424961324883083
68.0	0.9948816753451524	9.76791016224399e-06	0.010509918870401288
69.0	0.9950610537355592	9.767895195556516e-06	0.010510079011438734
70.0	0.99508280273053	9.767669750922956e-06	0.010192041795287063
71.0	0.9947560275118501	9.767655038009433e-06	0.01018964988242103
72.0	0.9945239873439686	9.767254112807471e-06	0.010130300534466997
73.0	0.9941886228823873	9.766730984409343e-06	0.010197008360205356
74.0	0.9940284065171849	9.766393458027709e-06	0.010066988019193751
75.0	0.9940528289168307	9.765867429804442e-06	0.010122010378868196
76.0	0.9939499606598876	9.765594417165033e-06	0.009952899532304112
77.0	0.9936741226996335	9.765575354178823e-06	0.009955094171158438
78.0	0.9933769614640613	9.764918462829715e-06	0.010102135038610599
79.0	0.9931286281242366	9.764241623741392e-06	0.010218014795463425
80.0	0.9928791573671409	9.763583059026027e-06	0.010333824578452685
81.0	0.9929468910336856	9.763183920659707e-06	0.010366243133924341
82.0	0.9931791606085519	9.763169156427494e-06	0.010364789423192513
83.0	0.9931815211259445	9.762740102827103e-06	0.010135289320843949
84.0	0.2202669943055296	0.1637297422482913	0.8135563945902465
85.0	0.13975970070497476	0.16216655164382637	0.8780566822292096
86.0	0.14505132398911183	0.16360549409475658	0.8742636284780706
87.0	0.3385775591830412	0.0022661772927797677	0.6492602389215361
88.0	0.2687276213834067	0.0024701378712237887	0.7220983227656533
89.0	0.4173481787397344	0.002013065080725998	0.551230848926115
90.0	0.6091073563981173	0.0002773056111381415	0.31599886420692586
91.0	0.6120120268060312	0.0003383408329596025	0.30522182151972116
92.0	0.6108251708397814	0.00031709647581803477	0.2757053111313161
93.0	0.616489521176432	0.00029170539284090907	0.23581359729258952
94.0	0.6229083797806244	0.00026472935958744045	0.23052943943310306
95.0	0.6221833663761139	0.0002654149506673913	0.23196892176765468
96.0	0.6203841296497075	0.00026586726070902716	0.23285563996443576
97.0	0.618881742003222	0.00026689526839692693	0.23342849610704455
98.0	0.617298957401605	0.00026636117443457985	0.23464992179742464
99.0	0.6206164081360588	0.0002708952164273373	0.23243696619249013
100.0	0.6195482692760437	0.00027238542909141316	0.23268342649194726
101.0	0.6179713323894118	0.00027244306761811486	0.2335472183401594
102.0	0.6165469359677933	0.0002718522851304007	0.23472432449098135
103.0	0.6180142959609601	0.00022770400869495135	0.23606546396303751
104.0	0.6165293542587805	0.00022733139494538943	0.23715073699156625
105.0	0.6164130917119204	0.0002298635247485466	0.2369142091217365
106.0	0.6162688384781614	0.00022871587744350918	0.23763404369797764
107.0	0.6164098886277812	0.000231531495911833	0.2372650600206891
108.0	0.6217820478495009	0.00022888744981346373	0.23706983078169383
109.0	0.6133738202611254	0.00022117714171518898	0.22472896472231704
110.0	0.6266169937782822	0.0002186211826136197	0.22236501306196083
111.0	0.6249744118297446	0.00021839096099288168	0.22338853339040957
112.0	0.6235379337165328	0.00021780518028050939	0.22448911196383448
113.0	0.6256929183375679	0.00021968911811615094	0.22550100867838976
114.0	0.629685912546576	0.00021704057937138227	0.22546080840342836
115.0	0.6392995301306851	0.00022663187758463225	0.22061889351039746
116.0	0.4310126321209234	0.005152030166406085	0.4435308330515651
117.0	0.415531605300179	0.0053405063928406256	0.45375181327294334
118.0	0.34538370134539237	0.006121600243091738	0.5449585876620425
119.0	0.3451019650584502	0.00611076716731916	0.5370133546859365
120.0	0.3481031215155185	0.006055978875548278	0.523406777564934
121.0	0.34096178823213136	0.005961373099275266	0.5078836018962924
122.0	0.3421599069978223	0.005958148178736262	0.49958629341429067
123.0	0.32721043165304553	0.005902248007776313	0.4918157440895421
124.0	0.323604049671105	0.0059944506655346145	0.4945237268611933
125.0	0.305131438389572	0.005964766432128404	0.49185667870960076
126.0	0.34166511290151635	0.0061656712701987585	0.461004289018641
127.0	0.3541839642126953	0.006115414051213346	0.44052518424944087
128.0	0.41914249378713103	0.07149470166448563	0.4683116842413361
129.0	0.3542738368378276	0.0037372935775503813	0.42399788493354734
130.0	0.3568353996165703	0.0037187438581399255	0.4145721314323426
131.0	0.35056079843149124	0.0037757230750392777	0.42733056194125424
132.0	0.36139409346479096	0.0035330163224943025	0.40271096919341975
133.0	0.3695194291566264	0.003764240331846645	0.40105822745763864
134.0	0.3726487320593166	0.0037641515841039517	0.3974644006422414
135.0	0.3790657863562019	0.00358088037732241	0.37442016287630664
136.0	0.38528993972895553	0.0036358264841620273	0.3699912855300172
137.0	0.38328759802295437	0.0036752357630399535	0.36186261122680174
138.0	0.38022090132958897	0.0033669569555596743	0.363007833039034
139.0	0.3769266012827648	0.0032014861313829656	0.3641438813379169
140.0	0.38025412783733065	0.0032028478737321548	0.36199117345788645
141.0	0.37656218663425745	0.003197712860892668	0.3730427436121189
142.0	0.3728272310022588	0.003093055805618765	0.3750115152236849
143.0	0.34122646294849984	0.0033780281025075107	0.41379884649715926
144.0	0.3449890804141966	0.003380054106980625	0.4097017391369578
145.0	0.3488658587824438	0.0033145622916456764	0.39460208267004293
146.0	0.35055262719673347	0.0033281094461887757	0.39602352804357804
147.0	0.34630289270776327	0.0032153553268137475	0.3855373449884922
148.0	0.3477392889553663	0.0032276933365944847	0.37669932960027663
149.0	0.4553366777296416	0.1076430388781202	0.44406021842928606
150.0	0.41373319503264133	0.10710922513857338	0.4943579152957724
151.0	0.3960974208112393	0.10723353591309172	0.5169290003030531
152.0	0.3720201805375889	0.10660855102329087	0.5474502800454271
153.0	0.35439901664003304	0.002868290646584019	0.3650041529504519
154.0	0.34815614008559376	0.0029129821826304456	0.37312321400947446
155.0	0.3526096795192637	0.0029262474618528805	0.3688774081048289
156.0	0.3503556544104185	0.0029190638428266314	0.37708631665441733
157.0	0.3551222167411692	0.002970460589257611	0.37382803466505393
158.0	0.35700939741533644	0.0029986231330457035	0.3692495438095551
159.0	0.36205988407254447	0.003041355675161728	0.36628564223398796
160.0	0.366281293490776	0.0030655344648882537	0.35712043508681557
161.0	0.3720094635995917	0.003108359541109717	0.3539891426450352
162.0	0.3740473941646532	0.003139172618425595	0.3452079281435749
163.0	0.37919717590922236	0.003186246103440951	0.33692835439329655
164.0	0.3847258326232368	0.0032394853644666607	0.3293294248684755
165.0	0.3869268115673739	0.003325616165951552	0.32237931473586695
166.0	0.3916894116812735	0.0033714459308263594	0.31775973080918896
167.0	0.3913199428251249	0.003359921474104983	0.3203282957348743
168.0	0.39525513495881	0.003412150478460768	0.31965157535384076
169.0	0.4015928081153794	0.003481500249043595	0.3178206251084278
170.0	0.409648907544616	0.003564530222241771	0.3149163527584125
171.0	0.41679761678806826	0.003634791166679916	0.3091804373172674
172.0	0.4227976217688575	0.003699853126681568	0.3077930820941767
173.0	0.4301909924333394	0.0038415748049681242	0.30629741118755277
174.0	0.4375010588740492	0.00390823610057424	0.3012962030561835
175.0	0.41272069876776407	0.0036317230847363923	0.3271830975918269
176.0	0.42042835503401044	0.003684090523378242	0.32045389315379824
177.0	0.4287643395357048	0.0037401888350601727	0.31749232928052157
178.0	0.4366963624945683	0.0037970996354626673	0.3149332878902122
179.0	0.44446155985322844	0.0038871614536520574	0.3117082604847316
180.0	0.44149275309490243	0.0038803030554055255	0.31295578493592513
181.0	0.45018729835517973	0.003958374530713257	0.30690937526316564
182.0	0.4588510776857848	0.004042888446469692	0.30269429913773066
183.0	0.45240064764544485	0.0041570417938215825	0.3058427113166175
184.0	0.4657129814683121	0.004456027738684974	0.30424133058646274
185.0	0.4765661316253653	0.004662050179420074	0.2985332872229335
186.0	0.4835047182662752	0.00518855123462408	0.29887038965263524
187.0	0.5022488396497885	0.005690875580753351	0.2919489176472344
188.0	0.512598444406293	0.005897509623646703	0.2868825746590588
189.0	0.5079889024892782	0.005662945758190154	0.2876276909452547
190.0	0.510413522962549	0.005780162904961053	0.28806768418004075
191.0	0.5200905149950866	0.005911271320415302	0.2833358342445089
192.0	0.5156754487108485	0.005816507815346088	0.28462518411829524
193.0	0.5267094507608715	0.006005679761209086	0.27934526084187533
194.0	0.5375413807497311	0.006484294370935108	0.276530831588134
195.0	0.550693358676114	0.006779332131600412	0.27078963655983485
196.0	0.5645271922198509	0.007115372587035277	0.2649441061459491
197.0	0.5718497818540688	0.007335113838220226	0.26522045985167597
198.0	0.588288010483317	0.007830144984444792	0.2590641570226837
199.0	0.606752395200148	0.00842779344091445	0.25242175150855867
200.0	0.6178742855836439	0.0087396139495159	0.2466030210217833
201.0	0.619561961314835	0.008717883951640878	0.24364139991470474
202.0	0.6160588893150293	0.008515095991710447	0.2444359351871413
203.0	0.6055413688954041	0.008228912140928763	0.2526048217416585
204.0	0.6138791440648096	0.008412297944461201	0.2477729094356319
205.0	0.6225300904581921	0.008562892088634153	0.243152377844321
206.0	0.6310641780278775	0.008694703537858684	0.23887173629761782
207.0	0.6330443449124425	0.008638837411822996	0.2403970232157352
208.0	0.6412768414346279	0.008733146689609807	0.2368742407664034
209.0	0.6497485703499485	0.008838765383743763	0.23322227557391467
210.0	0.657642084967538	0.008908901226336297	0.2304433385516469
211.0	0.6661064552299905	0.009008688782014529	0.22705762657134634
212.0	0.6689684183904807	0.009259749477771174	0.22578151945886923
213.0	0.6746771811596438	0.009257311758418716	0.2249602925757793
214.0	0.6818723484658418	0.009296637315972975	0.2231842045860342
215.0	0.6899503349526204	0.009447222613477304	0.21982748921896134
216.0	0.6977699641193152	0.009620356760391779	0.21666054127906398
217.0	0.7062691050105883	0.009730738275638228	0.21363861515758123
218.0	0.7069756364917406	0.009624946123508739	0.2169527862020749
219.0	0.7154414440162838	0.009737155640457703	0.2139652687538179
220.0	0.7228357265174217	0.009903516880260583	0.2112324161154279
221.0	0.7304288065829614	0.0099458082101522	0.20953292753681332
222.0	0.7389031410176974	0.010050222712678806	0.20683704772911388
223.0	0.7460456728561169	0.010073190918420027	0.20568523736690755
224.0	0.7542018562934253	0.010203266652180942	0.20305481120135738
225.0	0.7619620966931591	0.010362948045459874	0.2006198767933871
226.0	0.7702963812427532	0.010442356448060155	0.19837719251679353
227.0	0.7767711678892508	0.010433970947923553	0.19779546715612542
228.0	0.7843672761932676	0.010591052991408155	0.195589221091882
229.0	0.7920930229359842	0.01076049421650265	0.1934509558264946
230.0	0.8004373481128917	0.010848914932020563	0.19133161034095353
231.0	0.8072313691288461	0.011090315574010015	0.18988345894660189
232.0	0.8149397821415258	0.011147567614120243	0.18824294430561062
233.0	0.823090801317803	0.01134391883108699	0.18630369347009784
234.0	0.8310940885435762	0.01140936451403867	0.18452267325480398
235.0	0.8379949636025429	0.011395405522294774	0.18343973418462162
236.0	0.8409426716587072	0.011255479286204491	0.18500860771587838
237.0	0.8459606946268212	0.01123239586299171	0.18597526564783182
238.0	0.8523583381623152	0.011208210602717034	0.18567689331604414
239.0	0.860531345830581	0.011293294005121971	0.1838154275562204
240.0	0.8643322941101903	0.011442521289440585	0.18351862304067135
241.0	0.8730934751218357	0.011568882589556103	0.18164484204256595
