Iteration	GP_regression.Mat52.variance	GP_regression.Mat52.lengthscale	GP_regression.Gaussian_noise.variance
1.0	0.9970461657360099	0.033257603132466236	5.798286407134909e-07
2.0	0.9970461657360099	0.033257603132466236	5.798286407134909e-07
3.0	0.9556755593261992	0.01148018836090181	5.798299663220857e-07
4.0	0.015033382003199711	0.2859852174843228	0.9848971618814103
5.0	0.9400194339428027	0.00652994805874885	4.170247951689287e-08
6.0	0.8454372446287082	0.00845233275680876	5.668338539018826e-09
7.0	0.8229609876086265	0.00905088464299721	5.668338124622103e-09
8.0	0.8246625975915033	0.009472305373300998	5.668337657835776e-09
9.0	0.8114525357955863	0.008784800076813516	5.668337301976528e-09
10.0	0.8409065520446755	0.009248449408707537	5.668336776769287e-09
11.0	0.853133890997055	0.009076713208712586	5.66833637042135e-09
12.0	0.9052289227097347	0.009491146843868566	5.668335815179203e-09
13.0	0.9533987884381314	0.010257915791725867	5.668335253753241e-09
14.0	0.9597114733940955	0.009466997113130642	5.668334818526457e-09
15.0	0.9330597277653063	0.009214479632518773	5.668334484849209e-09
16.0	0.9352060937629602	0.009242253111734936	5.6683342098450115e-09
17.0	0.9608754025974372	0.009656756839088888	5.668333915938351e-09
18.0	0.9568865459943751	0.009573966430581119	5.6683336067596765e-09
19.0	0.9593942936570425	0.009446460844011653	5.668333553506454e-09
20.0	0.9781817434233205	0.00950899174785132	5.668333343704407e-09
21.0	0.9618654651714285	0.009176793266321637	5.668333087840485e-09
22.0	1.026872163136856	0.009880053419152643	5.668332709097226e-09
23.0	1.0346663679001546	0.010210424251178137	3.890715009481872e-09
24.0	1.026213748188904	0.009828578844561292	3.890714900254112e-09
25.0	1.071977334134071	0.01020941233512017	3.89071479189104e-09
26.0	1.0909417511893942	0.01067122303511394	3.890714681397978e-09
27.0	1.1028396230286985	0.010983554813679866	3.8907145874572775e-09
28.0	1.1438639366442716	0.011383695683576181	3.8907145096264086e-09
29.0	1.1333814199448362	0.01024573041305958	3.890714344258469e-09
30.0	1.1294372226163871	0.010460740847541576	3.921147830528923e-09
31.0	1.1650014481057966	0.010953170717865996	3.374592488397755e-09
32.0	1.188307098819249	0.011224371738426575	3.374592403636418e-09
33.0	1.2179872016449296	0.011539693430785206	3.3745923124890826e-09
34.0	1.2476794262040827	0.011812546828101244	3.374592221394443e-09
35.0	1.249642449471802	0.01146545754768312	3.374592092649229e-09
36.0	1.288745052009668	0.011963819490972928	3.3745919960909994e-09
37.0	1.3224618824108296	0.012297290687366609	3.3745918994442763e-09
38.0	1.3025033930822125	0.012000922633204382	2.9703434302073213e-09
39.0	1.3626692890013155	0.012458239503756713	2.970343347288222e-09
40.0	1.4143995360033639	0.013013390475564665	2.9703432650346236e-09
41.0	1.4215240020934836	0.012456621153451631	2.9703431622845292e-09
42.0	1.2763128821727574	0.011130398090065021	2.970343112925825e-09
43.0	1.3058769697457222	0.011494501508489127	2.9703430683457713e-09
44.0	1.3184962976150434	0.011582149277368222	2.970343028552672e-09
45.0	1.3059783521876487	0.011489227694275437	2.970342978590859e-09
46.0	1.3121119112196649	0.011533749295761004	2.9703429332713785e-09
47.0	1.354592287468938	0.011833415667652449	2.97034289033885e-09
48.0	1.3227005706232215	0.011468787039830187	2.9703428319379186e-09
49.0	1.2979265210171813	0.011134288192104836	2.9703427837331404e-09
50.0	1.2965218691189313	0.011413670459863003	2.9703427358542036e-09
51.0	1.2592491433776298	0.01125570862899816	2.9703427029651326e-09
52.0	1.243322886374831	0.011362018509689814	2.970342664330355e-09
53.0	1.2361279029707297	0.011575875238373971	2.970342627520942e-09
54.0	1.2061550573500126	0.011465736156624738	2.970342566790957e-09
55.0	1.247975321785147	0.01193713376280386	2.970342518399102e-09
56.0	1.520113776984191	0.01404979579018959	2.970342443843128e-09
57.0	1.418912361281841	0.014137033166230587	2.970342364169762e-09
58.0	1.351542140201128	0.0146406797269759	2.9703422894860292e-09
59.0	1.2212973008593728	0.01398572257649125	2.9703422480265524e-09
60.0	1.182777448506072	0.01448100572721982	1.688996859831997e-09
61.0	1.2225587391540573	0.015303989280459285	1.688996844601512e-09
62.0	1.252299965350296	0.016187692112008788	1.6889968118713902e-09
63.0	1.222627679250454	0.015925511017560488	1.5128758862280175e-09
64.0	1.111303358751913	0.015282507566951804	1.5128758764066808e-09
65.0	1.154884561160992	0.015948476493452584	1.5128758592954278e-09
66.0	1.1906280312055673	0.016711160480596246	1.5128758502699928e-09
67.0	1.172828376710366	0.017059385472579833	1.0005623397164921e-09
68.0	1.2349055141577348	0.020061095682784462	0.00852419480079188
69.0	1.2556032528509697	0.021177837743355698	0.010237930769557336
70.0	1.2461934307145803	0.021321080684185728	0.01059344881276759
71.0	1.2391979581996555	0.021369972931488925	0.008536983103902685
72.0	1.230497117040606	0.018539750069723474	1.3494428433140192e-09
73.0	1.3028655905180229	0.019131879252099457	1.3494428329853211e-09
74.0	1.3763131354881206	0.019964920446866753	1.3494428218381963e-09
75.0	1.3498151336255888	0.019801234975957382	1.2673736199818884e-09
76.0	1.206425072824616	0.017982039971938174	1.267373612670712e-09
77.0	1.219709260854291	0.018402796421025214	1.26737360455714e-09
78.0	1.2040583370885518	0.01819850971203158	1.2673735974193403e-09
79.0	1.1958355233762092	0.01810797184890211	1.2673735910963985e-09
80.0	1.1713803838423127	0.017903512426268878	1.267373583541573e-09
81.0	1.1888532097277411	0.018160964614652806	1.2673735766424325e-09
82.0	1.1661485907228304	0.017964477990879992	1.267373568258917e-09
83.0	1.1599164633198706	0.01803690108530077	1.2673735609123352e-09
84.0	1.1649438883412977	0.01823892312649672	1.2673735542527835e-09
85.0	1.1779978322282376	0.01875039886721719	1.164478039111839e-09
86.0	1.149854892812949	0.01854963486123089	1.1644780334285272e-09
87.0	1.1364437258023732	0.018535548617388254	1.1078079621987256e-09
88.0	1.1118770838876522	0.018359491920901926	1.1078079596101369e-09
89.0	1.0919690187974584	0.018242477427910988	1.1078079577769944e-09
90.0	1.0723599879236307	0.018117954056804456	1.1078079554493022e-09
91.0	1.0559715000276406	0.01803260950209008	1.1078079533582072e-09
92.0	1.0394827907302158	0.017937291840812372	1.1078079509508971e-09
93.0	1.023127540281373	0.017834942049607706	1.1078079495621736e-09
94.0	1.0151015387131448	0.017851273473681446	1.1078079477583882e-09
95.0	1.0121294062026571	0.017937137239059233	1.107807945749793e-09
96.0	0.9981009877537975	0.017857087734083003	1.1078079434565107e-09
97.0	0.9835088324358362	0.017758487786948256	1.1078079419026133e-09
98.0	0.969198202396457	0.01760942069979133	1.1078079401533267e-09
99.0	1.1604138443962482	0.020209920563116983	1.107807936338358e-09
100.0	1.1415376408368838	0.020072541736111494	1.1078079339735228e-09
101.0	1.123517051724542	0.019938896206074978	1.1078079317085788e-09
102.0	1.1062718978585844	0.019807826405407628	1.1078079295412913e-09
103.0	1.0897760412710666	0.01967995993373704	1.107807927458103e-09
104.0	1.09748596983202	0.019966768662468902	1.1078079251553361e-09
105.0	1.0817300534178413	0.019841221022731035	1.107807923035392e-09
106.0	1.0685081867236392	0.01969832224607247	1.1078079205536053e-09
107.0	1.0540065108009555	0.019576290655909906	1.1078079185137595e-09
108.0	1.040123443809476	0.019460166469993018	1.0000137718694513e-09
109.0	1.0268042207435397	0.01934908133440979	1.0999999984773933e-09
110.0	1.0139957483613804	0.019240272643030062	1.0999999985322124e-09
111.0	1.0019487333588875	0.019147745735263184	1.099999998798422e-09
112.0	0.9940916293063551	0.01903873442488981	1.0999999985726458e-09
113.0	0.9923709955602524	0.018979722642488494	1.0999999982547148e-09
114.0	0.9820864894473857	0.01886756490489502	1.0999999984956754e-09
115.0	0.9722589157110155	0.018756204100589403	1.0999999985635032e-09
116.0	0.9730268623057922	0.018735546807795937	1.0999999984216463e-09
117.0	0.9765569091315756	0.01887419641638199	1.0999999986534671e-09
118.0	0.9663522585859767	0.018781374008625926	1.0999999987007161e-09
119.0	0.9658697220074529	0.018756353154250453	1.0999999983862775e-09
120.0	0.9607572198795623	0.01864950148931637	1.099999998739646e-09
121.0	0.9511905392346176	0.018559903221909226	1.0999999987421279e-09
122.0	0.9420037647721701	0.018477963560136385	1.0999999985994105e-09
123.0	0.9330470509374739	0.01839262036554825	1.09999999881686e-09
124.0	0.9243606516671333	0.01830702336705789	1.0999999988542104e-09
125.0	0.9165115400118514	0.018251201637029386	1.0999999992202337e-09
126.0	0.9086726663902953	0.018159167971179613	1.0999999988746528e-09
127.0	0.9240092575985585	0.01854271816861932	1.0999999987021542e-09
128.0	0.915957195644922	0.018460283771486452	1.0999999988571265e-09
129.0	0.9088291372636971	0.0183695289862096	1.0999999988489082e-09
130.0	0.9176882202123761	0.018354713508587694	1.0999999989010671e-09
131.0	0.909859445785298	0.018276007554162872	1.0201117010436797e-09
132.0	0.9031192465112066	0.018186550180432616	1.0062042618820467e-09
133.0	0.8958283079176427	0.01810491935677325	1.0999999989573228e-09
134.0	0.899281438150981	0.01825583852938552	1.090772695949074e-09
135.0	0.8919475148921494	0.018179910286626567	1.0999999989163871e-09
136.0	0.8851894775215814	0.01812810710705421	1.0999999991963466e-09
137.0	0.8782518710284756	0.018054445822493895	1.0999999989613283e-09
138.0	0.8747405177612766	0.017984508395367745	1.0999999990570618e-09
139.0	0.8739007365831629	0.01793866737309119	1.0999999990044632e-09
140.0	0.8680168305535213	0.017882776675449588	1.0999999991984803e-09
141.0	0.861879502336309	0.01781187302662621	1.0999999990824374e-09
142.0	0.8572966852605346	0.01780089057154706	1.0999999989642778e-09
143.0	0.8531039627555752	0.017731582899238325	1.0999999991386214e-09
144.0	0.8472947768704467	0.017662445405521927	1.099999999161319e-09
145.0	0.8416246155236795	0.01759524619589365	1.0029775620517118e-09
146.0	0.836051545155865	0.017538585594667228	1.0999999991963594e-09
147.0	0.8314780117603251	0.017468582834059776	1.0999999992039132e-09
148.0	0.8396541559517511	0.01762865278313093	1.0999999992107728e-09
149.0	0.8342769314153097	0.017576689070859845	1.0999999993225924e-09
150.0	0.8289945108735615	0.017516707721439352	1.0999999990892941e-09
151.0	0.8303413358575351	0.017626325387502237	1.0999999991625263e-09
152.0	0.8266936765784294	0.017625428951398653	1.099999999145002e-09
153.0	0.8217572621556763	0.017581047849342432	1.0999999994591983e-09
154.0	0.8168544134791341	0.017523052529423024	1.0999999991153896e-09
155.0	0.8120395291713463	0.017472892009407662	1.0999999993261962e-09
156.0	0.8074587103123683	0.017413982405746226	1.0999999992299496e-09
157.0	0.8029025538694158	0.01735823014467678	1.0999999991662252e-09
158.0	0.7984373632129409	0.017304258788089593	1.0999999992054166e-09
159.0	0.7940716879356723	0.01725091200297502	1.0999999992208185e-09
160.0	0.7898295953649911	0.017197646971663344	1.0999999992418804e-09
161.0	0.7862419003512615	0.01718111332634075	1.0999999991405386e-09
162.0	0.7821314280280949	0.017131485604168127	1.0999999992623554e-09
163.0	0.7699956117737579	0.016918532959727076	1.0999999993487354e-09
164.0	0.7677692530772152	0.01686940401963969	1.0999999993776516e-09
165.0	0.7677616565249857	0.016932959818805913	1.0999999992999338e-09
166.0	0.7662075956366767	0.016890880674787716	1.0999999993522348e-09
167.0	0.7706356775046868	0.017044439171250876	1.0999999993577279e-09
168.0	0.7644387233439034	0.017159149692970808	1.0999999992073245e-09
169.0	0.7576850492809012	0.017281496188938605	1.0999999986941812e-09
170.0	0.7538132668224617	0.017238641064528652	1.099999998849481e-09
171.0	0.7503195643509469	0.01721261755925588	1.0999999991803495e-09
172.0	0.7466544923455494	0.017164483990210064	1.0999999987660696e-09
173.0	0.7431271929152924	0.017115809477952715	1.0999999988203558e-09
174.0	0.7404675174907797	0.01706623575840716	1.0999999988469556e-09
175.0	0.7374657937499579	0.017016791531530434	1.000035693887106e-09
176.0	0.7346660923196049	0.01696815185335539	1.0999999989358112e-09
177.0	0.7312884724513941	0.016927352568959032	1.099999998875641e-09
178.0	0.728243591437283	0.01690506964540057	1.099999999244115e-09
179.0	0.7249895972575657	0.016869140060503832	1.0999999990967257e-09
180.0	0.7225490802883305	0.016823413352157427	1.0999999989778946e-09
181.0	0.7194125259076758	0.01678477411442142	1.0999999989362744e-09
182.0	0.7163311725835977	0.016747652257953875	1.0000112582294244e-09
183.0	0.7113110344159249	0.01661740638119937	1.0999999988613072e-09
184.0	0.7085474167566899	0.016597863116018668	1.0999999992214416e-09
185.0	0.7058228881725995	0.016578650030146167	1e-09
186.0	0.7036727708147019	0.016536093966091046	1.0999999989706235e-09
187.0	0.7007398527097566	0.016500061073070563	1.0999999989752805e-09
188.0	0.6979049394699329	0.016461318311318196	1.09999999890255e-09
189.0	0.6950680509255059	0.01642874188914538	1.099999999139945e-09
190.0	0.693379992787452	0.016389711242077408	1.0999999990063817e-09
191.0	0.6907017714546068	0.016352226581082024	1.0999999989446688e-09
192.0	0.6890397940595415	0.01631381472012793	1.0999999990301145e-09
193.0	0.6864674679049431	0.01628937437462399	1.0999999994703043e-09
194.0	0.6840618984515577	0.016251390831469203	1.099999999003786e-09
195.0	0.6818098846354536	0.01621348242300461	1.0999999990351686e-09
196.0	0.6793149029582893	0.01617916723915319	1.0999999990297634e-09
197.0	0.6768837710514819	0.016145155593674715	1.0999999990357646e-09
198.0	0.6744556995803273	0.016112345163079148	1.0999999990735932e-09
199.0	0.6721221611337325	0.016078752521814347	1.099999999052628e-09
200.0	0.6708873204500486	0.01604501882293977	1.099999999097535e-09
201.0	0.6643524964780219	0.015997204427549764	1.0999999994813817e-09
202.0	0.6623803026905177	0.01596195722136011	1.099999999241113e-09
203.0	0.656639147316143	0.01587252336930404	4.481126847714157e-05
204.0	0.6557061177261391	0.016060596799366625	1.1778673347322288e-09
205.0	0.653736310591591	0.016024156728874743	1.121544725786895e-09
206.0	0.6514709667577427	0.016001889902104997	1.1215447250767498e-09
207.0	0.649163258729102	0.015969965800370193	1.1215447237501856e-09
208.0	0.6471452929181137	0.015955339405870246	1.121544722850204e-09
209.0	0.644914034819063	0.01593119818876851	1.1215447221433364e-09
210.0	0.6427086811881032	0.015899837645845474	1.1082569036095932e-09
211.0	0.6408659075256214	0.01587125278510697	1.1082569025643508e-09
212.0	0.6441364081002942	0.016032468732908003	1.1082569013928986e-09
213.0	0.6420350896168006	0.01601294745237927	1.1082569003526584e-09
214.0	0.6398482794748344	0.015984317403511587	1.1082568992947542e-09
215.0	0.6377387918831974	0.01595326422096435	1.0000160920260269e-09
216.0	0.6356288063471208	0.015923809687016715	1.099999999072919e-09
217.0	0.6335360822411302	0.015899330055206357	1.0999999993375854e-09
218.0	0.6351130124676646	0.015888458416715177	1.099999999057655e-09
219.0	0.6330685571667907	0.015865398280145642	1.0999999993998055e-09
220.0	0.6316541532592649	0.01586290420710786	1.0999999989472937e-09
221.0	0.6315093867994312	0.015839071371710797	1.0999999989625446e-09
222.0	0.6295757481978638	0.01580880202817887	1.099999999062069e-09
223.0	0.6308362633393647	0.01579771744630743	1.0999999990806745e-09
224.0	0.6325379939429729	0.015801308517638522	1.0999999990769832e-09
225.0	0.6311496717634076	0.01577567047682754	1.099999999084621e-09
226.0	0.6299830954404176	0.015741412684527046	1.0999999991022736e-09
227.0	0.6283733839152411	0.015676358790496163	1.0999999990730632e-09
228.0	0.6268125025071644	0.015643075906122184	1.0999999991088867e-09
229.0	0.6251252868058248	0.01561422945226581	1.0999999990881253e-09
230.0	0.6303753146408794	0.015531365935288897	1.0999999990642901e-09
231.0	0.6316354139694977	0.015513426488439353	1.0999999991051855e-09
232.0	0.6302291028457524	0.015482870196938281	1.0000000000000003e-09
233.0	0.6286796057511254	0.015452595904332823	1.0999999990802212e-09
234.0	0.6271804622534415	0.015429480622500836	1.0999999991773773e-09
235.0	0.6258893800912476	0.015421132264588952	1.099999999394041e-09
236.0	0.6242719052265885	0.015407810999124982	1.0999999994550196e-09
237.0	0.6229361445926592	0.015402920875095294	1.0999999991203165e-09
238.0	0.6324090159549148	0.01513752812479404	1.0999999990650497e-09
239.0	0.630577991618926	0.015112337920456388	1.0999999992009765e-09
240.0	0.6268752179596188	0.015202410991093459	1.099999999017434e-09
241.0	0.625190496561718	0.015172282637151046	1.0999999989778626e-09
