Iteration	GP_regression.Mat52.variance	GP_regression.Mat52.lengthscale	GP_regression.Gaussian_noise.variance
1.0	0.8232190142609445	0.33381637866990677	0.053295545220331544
2.0	0.8232190142609445	0.33381637866990677	0.053295545220331544
3.0	0.8415947944611617	0.13161938904667397	2.0066747123543407e-08
4.0	0.7870991223562913	0.48598679614109297	0.1255353239085983
5.0	0.8306293508611009	0.11161206519882712	1.7078969943668038e-08
6.0	0.7903668687052404	0.10850481217419942	0.010789399879190049
7.0	0.8912247330501	0.10007080600572388	7.634237381500372e-09
8.0	0.8101259377738811	0.09142658088334817	0.07753163815921889
9.0	0.7493635825284841	0.09639619302019532	0.027902590075450255
10.0	0.6684118472271134	0.06790100565862907	2.3733593036519093e-09
11.0	0.732716447736543	0.11317860116309972	0.03155577460626252
12.0	0.7234669471192161	0.10739572146058061	0.03526153274096117
13.0	0.7522041241099361	0.11194692609673795	0.033532014179984755
14.0	0.714754421562826	0.060476030059712464	3.6144106702495315e-08
15.0	0.6878241436891926	0.05949032539866645	5.130806810705769e-09
16.0	0.7098998666872813	0.07156898978770684	0.01098839632981277
17.0	0.6972166242695075	0.07299624148560041	0.01058965734062461
18.0	0.6692736781991847	0.0711829541504658	0.009827420430986649
19.0	0.6536989153485628	0.07156423113923979	0.009454436834268708
20.0	0.6864415433226203	0.07555005771275489	0.010884559733380228
21.0	0.6609137268169831	0.07410633647238539	0.010844646394171093
22.0	0.7035656744183222	0.08122579404711444	0.01050912717862072
23.0	0.6965906586560361	0.08282528034603062	0.010015656870625677
24.0	0.6759393008353228	0.08239516503535484	0.00982991772664609
25.0	0.6717091425779927	0.08407881452963833	0.009407850785410309
26.0	0.6520958229098374	0.0826134265770619	0.009477268053101753
27.0	0.6332468440923467	0.08169981787471031	0.009444182788495863
28.0	0.6443620100649113	0.0819930879392286	0.009221452656062303
29.0	0.627932522103256	0.08153421150998189	0.009110646446835645
30.0	0.6435844072719705	0.07961089980555375	0.007135515307750151
31.0	0.6773327044729273	0.08725445013352298	0.009036507851801807
32.0	0.6573037600357212	0.08597066147865098	0.00909616789172251
33.0	0.6420066441311226	0.08569305789611122	0.00897158522357466
34.0	0.626159333496975	0.08516362269886431	0.008903573151283312
35.0	0.6501849903024687	0.08763943365476398	0.010337159797920336
36.0	0.6325496290920593	0.0864486192688458	0.010380887593984691
37.0	0.6205309190824906	0.08522044475388789	0.010523186085438898
38.0	0.645044740716772	0.08924371812801657	0.010389121086728513
39.0	0.6388269825522636	0.08999267507113745	0.010108657605990987
40.0	0.6452715248571999	0.08006606385703514	0.009743005008195058
41.0	0.6329696817291547	0.0790206198398101	0.00988624936138807
42.0	0.619606237359603	0.07802291791992637	0.010006319384473146
43.0	0.6160683702180221	0.07731621341027674	0.010176898563818778
44.0	0.6127651835111521	0.07666692940375583	0.0103490571221029
45.0	0.6050048922223985	0.07586454926172	0.01050645404172359
46.0	0.624032802944924	0.07776531324506927	0.010114536835494639
47.0	0.6157575417608051	0.07692668372560243	0.010262423378769817
48.0	0.612268985938097	0.07628537358901047	0.010423565115538758
49.0	0.6071775252299416	0.07560118114679473	0.010581429875285575
50.0	0.5980662663158972	0.07480764257210967	0.010710104970545888
51.0	0.6119989258389789	0.07514736915238532	0.009412206309091304
52.0	0.6090264470871092	0.0745518249616498	0.009549198081394651
53.0	0.5991716213555747	0.07411267911299195	0.009531033759794137
54.0	0.6126428932131546	0.07430734783996028	0.008417244761216162
55.0	0.6024159994649166	0.07353407136593351	0.008486077349356311
56.0	0.6143479718459997	0.07375150349136067	0.008577874706605378
57.0	0.6065449663247349	0.07148124176165269	0.008532765190855092
58.0	0.6039573373274705	0.0705966465526675	0.00862328337188609
59.0	0.5988424715103593	0.0699007936075917	0.008716459329632945
60.0	0.5898382424628899	0.0693716570326762	0.00876092023634893
61.0	0.5825095067926226	0.06679188772525807	0.008674044165789844
62.0	0.5743177244617315	0.06636393933600868	0.008710337376412065
63.0	0.5698041469565478	0.06652098933947866	0.008651510978359705
64.0	0.5802560400387522	0.06700003729661053	0.007683671972725237
65.0	0.5739302394129684	0.06543245658330905	0.0076499116769788884
66.0	0.5661981028253439	0.06496884035622735	0.007691441275134747
67.0	0.558766948825677	0.06451763812513238	0.007724175164190107
68.0	0.5531401408464423	0.06399727948038114	0.007799670477648349
69.0	0.54617116709637	0.06344440324950795	0.007836745608890593
70.0	0.557097865964013	0.06484333964751786	0.007356284192836675
71.0	0.5710049302424314	0.06844620951417639	0.010188719114801105
72.0	0.5824723657052284	0.06923176634002887	0.009323718337564546
73.0	0.5757765818983719	0.06898704830056139	0.009310952416778198
74.0	0.5871268638004585	0.06996326795983417	0.010927337882649917
75.0	0.5814246732547472	0.06935280627800944	0.011037814791260564
76.0	0.5947306269634961	0.07161798249297924	0.01320487292045561
77.0	0.587199601593252	0.07096081356898165	0.013313717299845214
78.0	0.5989132052279392	0.07226218440033358	0.013005372185147142
79.0	0.5920401314620093	0.07198326642007774	0.012981072183241616
80.0	0.6043789058077169	0.07314824214196582	0.01262805905625777
81.0	0.6016901249008281	0.07343664356729337	0.01247673341182121
82.0	0.5948557155182268	0.07279131146547864	0.012587110075286316
83.0	0.5871326920180527	0.07223523025774164	0.012651740829353882
84.0	0.5800514953296064	0.07183999368423664	0.012672615135392697
85.0	0.578416110869916	0.0721966682074513	0.012524336450805239
86.0	0.575823885225441	0.07174218054870576	0.012653894380844072
87.0	0.5924249564961277	0.07251122633430686	0.012685628077533971
88.0	0.6005779796441434	0.07363964327395663	0.013363719873235494
89.0	0.6022161840758341	0.07376789675535249	0.01349529215259823
90.0	0.5968764860758299	0.07020043585308605	0.013556566955748245
91.0	0.6034148627855862	0.07159327708187804	0.013665331652898625
92.0	0.6143202118944519	0.07251567964599175	0.013482231082084154
93.0	0.6153899796703706	0.0722645555082203	0.013601154874771358
94.0	0.6182218755997483	0.07287682545507373	0.013739736301927164
95.0	0.6215970880856105	0.07361793276735513	0.013876957339157876
96.0	0.6145392022674535	0.07276204309263724	0.013906965894705891
97.0	0.6248503646624368	0.07352521266560183	0.013615259718075994
98.0	0.6171978665158883	0.07216932350399509	0.013614491374340093
99.0	0.6146361215751676	0.07173119256020775	0.013733110465892718
100.0	0.6164548267645122	0.07181359816314774	0.013855805651662384
101.0	0.6158865829925656	0.07115531919575047	0.013974907587750425
102.0	0.6137416888296455	0.07074912692277507	0.014093268906992053
103.0	0.6180451047851331	0.07074687391966189	0.014191706532261957
104.0	0.6155749807393374	0.0704629488632462	0.014312667889001816
105.0	0.6612286633206043	0.0738066906178665	0.013994303407248372
106.0	0.6654041667969788	0.07650275248342625	0.013592883767700615
107.0	0.6637096463860037	0.07312727847431162	0.013568824013762387
108.0	0.6766733895360938	0.07385208450716967	0.012766335666214757
109.0	0.6664748759075356	0.07351977269917076	0.01265481717103139
110.0	0.6681540073112243	0.07435776297946006	0.012676989097561722
111.0	0.6729684524971434	0.0748874584690799	0.01162767763686353
112.0	0.667311059389877	0.07538202564583754	0.011137676103259357
113.0	0.6672420523657404	0.07660078628934318	0.010672412523708378
114.0	0.6645870666399737	0.07732133333790528	0.010193302602400974
115.0	0.6675451552833832	0.0791717805874346	0.009721649500977987
116.0	0.6727577826368023	0.08116989147142532	0.009697590975556487
117.0	0.676782320643964	0.08282341818961594	0.009233118705018748
118.0	0.6806427889021273	0.08378858029579428	0.008710560840558577
119.0	0.687457871144407	0.08553981105355564	0.008516718084063221
120.0	0.6916474891422114	0.08635617977320682	0.008119224267826948
121.0	0.6959917331950529	0.08757335375147346	0.008122237848113778
122.0	0.7019664150229705	0.08848679723548017	0.007738755466587839
123.0	0.7084580532943882	0.09023327574135634	0.007814286238693006
124.0	0.7139989693067574	0.09070614881698531	0.0074897399978716235
125.0	0.7239195573687716	0.09265721032096251	0.007867077942509643
126.0	0.7147728517173455	0.08414458068305954	0.007648503451866665
127.0	0.7244407364086451	0.08579166908384339	0.007596057557559607
128.0	0.7260179731906574	0.08345487027304607	0.007546678666089041
129.0	0.7231995443876749	0.08309591536013587	0.007599437489513334
130.0	0.7155165903665556	0.08258800512457357	0.007626062381218041
131.0	0.7130616518150765	0.08225163094285066	0.007678500361373024
132.0	0.7056326471581321	0.08175589062426043	0.007697244904671127
133.0	0.7013868560790955	0.08160421460708456	0.007643774816349896
134.0	0.6984203680342765	0.0812483293584022	0.007695582360354748
135.0	0.6916569808115468	0.08081016716530279	0.007703792230181408
136.0	0.6926863835389886	0.0806821971762739	0.007750262031547384
137.0	0.6956049608788948	0.0808390091396905	0.007794859366237731
138.0	0.6942633564686959	0.08073872532463201	0.007847888882782447
139.0	0.693675988107852	0.08071384557087502	0.007900573825793029
140.0	0.6882952019324324	0.08004802212898214	0.007935963102922872
141.0	0.686608757045454	0.07990613058908654	0.007988861311125344
142.0	0.6830970721513375	0.07954928009486142	0.008038806490082047
143.0	0.6846740967185854	0.0796465904063187	0.008087058466991785
144.0	0.6793756980566126	0.07878155531485466	0.008072202037952635
145.0	0.6779470676651909	0.07869106675897702	0.008125007356604434
146.0	0.6725584397652271	0.07785141014911733	0.008116413363989545
147.0	0.6668614398545866	0.07713423287260886	0.008134631651917051
148.0	0.6779812047654831	0.07766098927066968	0.00814177149408497
149.0	0.677472552884017	0.07745652749881687	0.008190995223958433
150.0	0.673799588051907	0.07619145661041386	0.008231800749864264
151.0	0.6759799185136958	0.07654418700977642	0.008277766349068447
152.0	0.6743980293398567	0.076125726674544	0.00832706862528074
153.0	0.6741472460683959	0.07594608148204167	0.008376690311427714
154.0	0.6757893340979023	0.07622030676656547	0.008424778502046048
155.0	0.6753280545768074	0.07619621635980128	0.008476961217160411
156.0	0.6774895322693321	0.07664116974351723	0.008361069336752201
157.0	0.6782594870822876	0.07663842090590302	0.008407581280645286
158.0	0.6755739364066005	0.07639009983422	0.008456247183743963
159.0	0.6960587060985916	0.07763999509589706	0.008385606189571284
160.0	0.6970425185729152	0.07714137058173053	0.008407097937265467
161.0	0.7013528998744938	0.07793149919065097	0.008135404631926257
162.0	0.6985665091335045	0.07522209767644894	0.008173225197007604
163.0	0.7159313569377292	0.076153122072235	0.008139750685873547
164.0	0.7234850112002006	0.07749528995519211	0.008126988813808043
165.0	0.7240996693754641	0.07615777829992985	0.008162195677009605
166.0	0.7339406729364534	0.07830062000547218	0.00810660836630831
167.0	0.7367407988145399	0.0781144385167845	0.008118286058512994
168.0	0.7375007722222137	0.07805101532752352	0.008099805660136138
169.0	0.7513406683388031	0.07325597746457305	0.007750352776337043
170.0	0.7421188746811171	0.07407721888729375	0.007513113434971629
171.0	0.7417571010876056	0.07287936892489587	0.00754193606545265
172.0	0.7505146964271734	0.07446247057223958	0.007505351212695904
173.0	0.7497325372620323	0.07350529226421174	0.007534290757939248
174.0	0.747686705213033	0.07215119728564047	0.00755982437415267
175.0	0.7480721306798566	0.07195405797601305	0.007594882737416921
176.0	0.7481535153976291	0.07196436832590745	0.007633963656628048
177.0	0.7433147982610109	0.07170354901473495	0.0076553609335040206
178.0	0.7421789535151743	0.07114774050061269	0.007687999290441166
179.0	0.7342372369847711	0.06805467618343275	0.007438804202498788
180.0	0.728432528530337	0.06840525776791959	0.00673807528093049
181.0	0.7239443640257248	0.06813148162112351	0.006762921444236915
182.0	0.719507800402709	0.06789881832722172	0.006779188164073769
183.0	0.7220919861779951	0.06789308409727718	0.006804254238132212
184.0	0.7184214259765923	0.06763251366929751	0.006835513788371203
185.0	0.7216093785223324	0.06766031236045153	0.006858344738096526
186.0	0.7196291172199911	0.06745288892669127	0.006893007751370644
187.0	0.704340895348729	0.06826103607834917	0.006497361416207171
188.0	0.6927293138059516	0.06917052019385027	0.0062499982611493345
189.0	0.6828040519803836	0.07024195760524392	0.00605636680776684
190.0	0.6787882671705616	0.06981414773868364	0.006060351944376529
191.0	0.6765723659624897	0.06958077606130707	0.006089081953228425
192.0	0.6700692251267266	0.07008218476682225	0.006539091937944195
193.0	0.6633539129096736	0.07096011773657052	0.006182367368612025
194.0	0.659492080337396	0.07047581299343618	0.006206325358671992
195.0	0.6556118150541683	0.07021729204910843	0.006224903914659574
196.0	0.650671891468093	0.07125737836518134	0.0059609430760840295
197.0	0.6481431882663112	0.07118914348577565	0.005950821042508084
198.0	0.6522419865382314	0.07130032577955814	0.00596754064776558
199.0	0.6458917142403693	0.07165050636614989	0.00569299080566229
200.0	0.6422767421912664	0.07118172889209556	0.00571081501507664
201.0	0.6396233496550479	0.07092529843772576	0.005736324821991378
202.0	0.6391659095353632	0.07085925666973945	0.005762350753943045
203.0	0.6354395435445165	0.07030077659087293	0.005780807096059014
204.0	0.6380327900947815	0.07032812262889826	0.00580028259284284
205.0	0.6343054167157625	0.06978304625190022	0.005818456220305255
206.0	0.6308591636280254	0.06943998844709563	0.005835316922058939
207.0	0.6273659619535867	0.06899031357273772	0.0058475058803955085
208.0	0.6250795268803244	0.06871819799918624	0.005872661211838486
209.0	0.6268259596948185	0.06903775052212502	0.005825139358390207
210.0	0.6247354686362304	0.06881838729747515	0.005850506680979991
211.0	0.6230161410529719	0.06863474987859647	0.005876143124260645
212.0	0.622535745695344	0.06874282986294943	0.005850867993576878
213.0	0.6194875836778793	0.06855790843374247	0.005860526045963117
214.0	0.6174325427300924	0.06834274102473681	0.005885474962683604
215.0	0.6143564781982256	0.06811611815496314	0.005901943418912493
216.0	0.611702423215259	0.0679798581651654	0.005906007682075741
217.0	0.6091554384343829	0.06775511313197913	0.005928890770163985
218.0	0.6047266528674573	0.06846462287387925	0.005648273456790317
219.0	0.6044945328074894	0.06858280722637353	0.005624281098296687
220.0	0.6015325147351644	0.06823300180905711	0.005636839575222822
221.0	0.6122574089605487	0.06905479662267809	0.005627075371632145
222.0	0.6093282506476873	0.06883385621918514	0.005642572564589659
223.0	0.6078250497987379	0.06802310840800757	0.005665454943764608
224.0	0.6113410052542361	0.06858969546021297	0.005673190930594552
225.0	0.613000779630078	0.06856630770537939	0.005692245914864703
226.0	0.6109127430996826	0.06847433386555943	0.00568941809348332
227.0	0.6091960123205346	0.06763777057309599	0.0057124660075131145
228.0	0.6058238172818188	0.06846736998384537	0.005582714048995321
229.0	0.6058934595994856	0.06835677676324775	0.005604317065953775
230.0	0.6044645134591582	0.0681756786980553	0.005627086783665727
231.0	0.6025058105540513	0.06795914175073148	0.005648860846077791
232.0	0.6008345165956517	0.06776644025631598	0.005671401649745442
233.0	0.5983970738723409	0.06749086693601039	0.005690350586074634
234.0	0.596658402125909	0.06729845368036078	0.0057127005704783
235.0	0.5930682407987357	0.06792509877933157	0.005466159177307521
236.0	0.5924529753969363	0.06778573707567748	0.005487646769912857
237.0	0.5900420441667493	0.06853960131239822	0.005347536446785219
238.0	0.5878849141032367	0.06842147632447751	0.005350351149497256
239.0	0.5860715660827523	0.06822323417777804	0.005370893656847777
240.0	0.582974683337742	0.06871750858805742	0.005133771876951119
241.0	0.5825166131798132	0.06878466864128246	0.005118801850191521
