Iteration	GP_regression.Mat52.variance	GP_regression.Mat52.lengthscale	GP_regression.Gaussian_noise.variance
1.0	0.937892038829386	0.3401519469274021	1.0999999999099553e-09
2.0	0.937892038829386	0.3401519469274021	1.0999999999099553e-09
3.0	0.9636328300444792	0.18472206357835838	1.0999999999934768e-09
4.0	0.9662182507944429	0.12618253114446126	1.1000000000084223e-09
5.0	0.9383744217953474	0.15394429211454913	1.099999999938679e-09
6.0	0.9304460450738998	0.09809692971007607	1.0999999999705548e-09
7.0	0.5179828465734966	0.09445247552704819	0.453423354394258
8.0	0.9332198084159415	0.06151986458047723	1.0000000000184013e-09
9.0	0.8542408352005532	0.06536848241504292	0.05018536458104474
10.0	0.8842054106073371	0.08593861591580977	1.3308266198668972e-09
11.0	0.8223329865231892	0.09818389739768653	1.2917501956716206e-09
12.0	0.8216185458861143	0.11095247714091068	0.0004231180911558706
13.0	0.8010724107665753	0.08084096393208498	1.3689406512560248e-09
14.0	0.7660096672553962	0.0863877947905753	1.2624995994951483e-09
15.0	0.7872513898565927	0.0883652242316623	1.087504230339047e-09
16.0	0.7349072502984234	0.073252901060509	1.0999999992866886e-09
17.0	0.7141019933195818	0.07321676618488111	1.0999999992543433e-09
18.0	0.6966134238634696	0.07306288969184425	1.0999999997085186e-09
19.0	0.6798244042085791	0.07320097090356398	1.099999999778966e-09
20.0	0.7002646171195704	0.07747910991293429	0.0003478678761462753
21.0	0.6929026256235514	0.07874541127582067	0.00041502065309193735
22.0	0.6905061811074394	0.08054067700295059	0.0005056582142293952
23.0	0.6758118326995242	0.07979393583755444	0.0005346986261063024
24.0	0.6675245027050654	0.07850743335914262	0.00046513897423133886
25.0	0.6473815574702467	0.077221053943168	0.0003754377332981925
26.0	0.6320596187415025	0.07677971162931486	0.0003424096327228472
27.0	0.6331480105166412	0.07609128996471441	0.00030767880379941747
28.0	0.617383948680345	0.07479217348403494	0.0001770980191112038
29.0	0.6094899701333583	0.07376465298333677	0.00010513057232932692
30.0	0.6194982927617085	0.07417716686643694	1.1361005775438372e-09
31.0	0.6063250177658718	0.07327450895454343	1.0003157519727943e-09
32.0	0.6025071637828769	0.06370289848787836	1.1000000008395279e-09
33.0	0.5905626485674687	0.06452910614534399	0.0004391798078424348
34.0	0.6048233287050399	0.07025004007637173	0.0020953234119498875
35.0	0.596367154339164	0.06937089651847442	0.002098220155722452
36.0	0.5903310413513774	0.06962956297199153	0.0020720587935153137
37.0	0.582501791716929	0.06964422935916707	0.002049708735265815
38.0	0.5845292145468917	0.07071285745495788	0.0020303281693873415
39.0	0.5804126884651234	0.0711231731259153	0.0020133782126149006
40.0	0.5978441520961256	0.07150240850334906	0.0020547154554551284
41.0	0.6069823274417199	0.07225082629706621	0.0021653409762618023
42.0	0.6010719260324089	0.07058885023169925	0.0020618923119534996
43.0	0.6024746804229972	0.07035800995021141	0.00209909513719251
44.0	0.6771877444013277	0.07493189799003867	0.002225980423140852
45.0	0.6755450106624281	0.07612991604907035	0.002243939044463171
46.0	0.6695694844024961	0.06994578680402246	0.0018074302410812917
47.0	0.6933407119842625	0.07411566985682926	0.0016773109936929812
48.0	0.6850525948867774	0.0764143405242712	0.0015900288117355833
49.0	0.6854725486771002	0.07885098242406173	0.0015205821087390502
50.0	0.6867996514967769	0.08149284274674001	0.0014968180605382144
51.0	0.7004195078594183	0.08440583878110217	0.0015056958845021911
52.0	0.6906447754798152	0.07923773351416444	0.0013453542948151087
53.0	0.7022556574915323	0.0838532812979179	0.002862289299310802
54.0	0.7078461641518894	0.08406670632777817	0.0023475413085090693
55.0	0.6943650350891525	0.08331289953862521	0.002341991018677936
56.0	0.6998901756270204	0.08508068020236888	0.0026874935875948365
57.0	0.7036122883759219	0.08522821395661935	0.002719617503850378
58.0	0.6905327825352676	0.08437956155426903	0.0027165186637026573
59.0	0.679629672330737	0.08398282775557184	0.00269516376741997
60.0	0.6688635283409331	0.08314061664798025	0.0027008268587794104
61.0	0.658089193544324	0.08262898329068653	0.0026869631191076032
62.0	0.6529223965791779	0.0828455419518254	0.0026541813362144493
63.0	0.6459261382277572	0.08281622719202661	0.0026291704415676537
64.0	0.6357747851227364	0.08219357910126822	0.0026252485693248387
65.0	0.6391109404785341	0.08221191465159433	0.002628560757359122
66.0	0.6324266071080465	0.08216184812544954	0.002608283455762478
67.0	0.6296662885596424	0.08173198891798977	0.0025940637663230868
68.0	0.6263963684153463	0.08117974037755704	0.0026104330109626484
69.0	0.6183544492795978	0.08083613585549436	0.0026004510214689756
70.0	0.6099191425754851	0.08020500177404835	0.0026020049661808135
71.0	0.6016150557451176	0.0795726672317434	0.0025943570053465898
72.0	0.5945095463800492	0.07895776966093947	0.0026006584054808876
73.0	0.5869486618396427	0.07848796824775588	0.002599106723389951
74.0	0.5804997780047773	0.0779196990082135	0.002606668291929801
75.0	0.576279284167999	0.07740314762356225	0.002619346307817167
76.0	0.5703629399211986	0.07687060570193081	0.002627365909693814
77.0	0.5671494229719132	0.07700010348238322	0.002614537552739402
78.0	0.5648148691480022	0.07722984964746703	0.0026006796173378695
79.0	0.5602105289949979	0.07674423081780941	0.0026118385444032226
80.0	0.5542601273975214	0.07637347446756146	0.0026141063066866354
81.0	0.5484918919817119	0.07599385415477385	0.002617841251466212
82.0	0.562180798218086	0.07647813061889269	0.0026427232674302117
83.0	0.620910738598183	0.08044167900385232	0.0026523882819295365
84.0	0.6174304407033457	0.08232974601914285	0.0026093944665644573
85.0	0.627010706871672	0.07332944853944519	0.0021265707559035966
86.0	0.6825604874466185	0.06360261744962142	0.0011324612306100072
87.0	0.6799762377322119	0.06326190407884923	0.0011316059552178028
88.0	0.676134627212873	0.0628997515684686	0.0011302372675295114
89.0	0.6813661658963359	0.06307132855098231	0.0011584895786508143
90.0	0.6627013850508348	0.07075150946809577	0.0010069158103711414
91.0	0.6572900961502037	0.06999754397909022	0.0009779540800605674
92.0	0.6667518269447661	0.07028446127930424	0.0009906505361886794
93.0	0.6699666719488185	0.07040003150372436	0.0010093066286726935
94.0	0.6648865564733433	0.0697318450645189	0.0009895450543977273
95.0	0.6601353583285782	0.068744407680342	0.0009493303056303021
96.0	0.6636138447397087	0.06875296309788213	0.0009592593091893586
97.0	0.6642300647541267	0.06860535387498556	0.0009657100041470095
98.0	0.6750774469882471	0.06934295064731961	0.0010043025112420364
99.0	0.671822629371131	0.06894364003448171	0.000999299396193188
100.0	0.6840582666413201	0.06941579224424384	0.0010127534876362297
101.0	0.6857921513042529	0.0693272690275252	0.0010202842942799097
102.0	0.5975514243141441	0.05986901877012335	0.005673618977027989
103.0	0.5972287902306226	0.05949955220535633	0.0056653241279345365
104.0	0.5951699549310506	0.05927361218994159	0.0056737501408976885
105.0	0.5927477288935592	0.058730315783488	0.005523787131180202
106.0	0.5898487491860491	0.05826413944837658	0.005411730248068079
107.0	0.6114844282314822	0.05934176569853044	0.005573735977868066
108.0	0.6093575405583733	0.05880007180817391	0.005467399320450503
109.0	0.6307047465670964	0.06009920380660301	0.005678710500282503
110.0	0.6308777309628952	0.06001782546083111	0.0057254172495140735
111.0	0.631763590174561	0.05989325656827287	0.005751160981994547
112.0	0.6304334863277696	0.05913036279714914	0.00546321023209928
113.0	0.6287471794734484	0.05891838134271847	0.005469178868689175
114.0	0.627175909137701	0.0587186762104907	0.005471619339450659
115.0	0.6310814964812984	0.058781024023578	0.005527094808312269
116.0	0.6329587546507299	0.0589980901336198	0.005651916567299527
117.0	0.6340478455991083	0.05908291255409809	0.0057397183795712585
118.0	0.6320076494507674	0.05876774169711453	0.005703636689713929
119.0	0.6303073697676875	0.05856928493193755	0.005706122846280859
120.0	0.6284658231473206	0.058005698193286936	0.005577369557600591
121.0	0.6261722238997645	0.05750078863140223	0.005435866622301802
122.0	0.6260540506625855	0.0569604163263105	0.005214353476849747
123.0	0.6300184997063494	0.05701920051674327	0.005260805488138233
124.0	0.6279143846190363	0.056765457605559747	0.005226872539522085
125.0	0.6380550723894549	0.05734706663243991	0.005374845939704709
126.0	0.6380843718012622	0.05724715681336438	0.0054034309044883625
127.0	0.6369816993924875	0.05710878736220545	0.005422626152685434
128.0	0.6349043458723477	0.056977086695218705	0.005432719731214428
129.0	0.6336825525169104	0.05682318216524583	0.005444350592575885
130.0	0.6331441870702283	0.0566886823794702	0.005460501188124069
131.0	0.6325123658817491	0.05607031888501801	0.005221492735743744
132.0	0.6310550389899608	0.055289932186212816	0.004941588763472484
133.0	0.6310527764559571	0.055222490726343346	0.004976211173232499
134.0	0.6311499653162093	0.05510195953225694	0.0049863677958322345
135.0	0.6318824335467328	0.055089579094345836	0.005037608281840007
136.0	0.6309740542680393	0.0549485097273892	0.005043464374243121
137.0	0.6291727183117457	0.05467645094517565	0.004973013099089429
138.0	0.6285439269605639	0.0544115983535596	0.004896757320941172
139.0	0.6275680095223112	0.05428013983759616	0.0048982419522667206
140.0	0.6261065675913966	0.05411607318312689	0.004890018933160357
141.0	0.6245006958290478	0.05386734320666508	0.0048288253141381965
142.0	0.6438102575056347	0.0543894584961541	0.004775686642259303
143.0	0.6427650123394014	0.05427640813245617	0.004788796911018602
144.0	0.6446150489960265	0.05451267636658164	0.004930345465387396
145.0	0.6436789591053897	0.05437472527659924	0.004931281477792273
146.0	0.6461515078323394	0.054321097890701456	0.004931911584629232
147.0	0.6466364457680582	0.0542845291716782	0.004972385820792157
148.0	0.6459126797901299	0.054175303798880435	0.004974347904583781
149.0	0.6498002226041149	0.05465351872319322	0.005207722700643901
150.0	0.651923473239612	0.05458585367593325	0.005208704482645583
151.0	0.6548791889025931	0.054740771347196286	0.005293800791251593
152.0	0.6555511518091169	0.05469768188763806	0.005326177137570755
153.0	0.6541166595768328	0.05461541894817147	0.005325507027483336
154.0	0.6546572274692816	0.05456457421732797	0.005355472149197901
155.0	0.6560854203596144	0.05449539122550435	0.005364322521744717
156.0	0.6558535459123864	0.05441873649362582	0.005388854771989236
157.0	0.6595788297684964	0.05481605417929714	0.005576980933429151
158.0	0.6650462290613067	0.05503050798968864	0.005646650154254936
159.0	0.6649454927561149	0.054948513265402274	0.005668416796129048
160.0	0.6650830016854788	0.0548396114784593	0.005669006619271811
161.0	0.6638476895735392	0.05476406392899539	0.005688450483994886
162.0	0.6628326850185617	0.054585512687807466	0.0056551058523410195
163.0	0.6763337314168572	0.05624263164151394	0.006004473102346691
164.0	0.6795165368202374	0.056508455824724496	0.006124786723824419
165.0	0.6782045434776283	0.05642686616650234	0.006139761589993541
166.0	0.6800457769850097	0.05638833246313829	0.006141598698787705
167.0	0.6806457558296473	0.05643370244162136	0.00622539468492509
168.0	0.6800670333306392	0.05633930232468896	0.006245196499724664
169.0	0.6816422694970926	0.05629774765361063	0.006264123951739939
170.0	0.680472338508238	0.05621794459722158	0.006280769493799289
171.0	0.6847514163680686	0.056190904401997054	0.006255402771882814
172.0	0.6846228619761616	0.05615261794837232	0.006296950320954998
173.0	0.6844405921497981	0.05599125127526794	0.0062282853667247045
174.0	0.6890037460211693	0.056499378583834955	0.006432076698195469
175.0	0.6888850330390494	0.056324598600505586	0.006411830392200866
176.0	0.6889120185787216	0.0561798032806586	0.006404374851554361
177.0	0.6924930227225596	0.05622630225901096	0.006422695887477418
178.0	0.6929112308070475	0.05584281082357792	0.006276555491863519
179.0	0.692131715114972	0.05574011769847912	0.006278236535252273
180.0	0.6922098684622672	0.055706349569739105	0.006326537528353583
181.0	0.6918564284260236	0.05560738575595806	0.006328735320294029
182.0	0.6953202804117432	0.05599343542936141	0.006501546554970153
183.0	0.6948591500319093	0.05585179529247947	0.006501725337230803
184.0	0.6952395365930736	0.055666734070039685	0.006460414347571084
185.0	0.6949048576603172	0.05455565536025033	0.005935494456007625
186.0	0.699694023478073	0.05462539993291924	0.005934016298363789
187.0	0.6997328100258815	0.054546692198703006	0.005947842604030611
188.0	0.7008826795461549	0.054589539161421514	0.006006653093409659
189.0	0.6999430190379982	0.054491151535011224	0.006009928290294242
190.0	0.7014607872749997	0.05473867870954592	0.0061528749216000315
191.0	0.7010767275729034	0.05439380912481541	0.0060320414572796275
192.0	0.7007258695638741	0.05430853511405227	0.00603390232304906
193.0	0.7000195484943232	0.0536339727630274	0.005714977519329724
194.0	0.6994597753306945	0.05351588621668545	0.005707158162871305
195.0	0.6985659797402421	0.05337334111405471	0.005663751316743847
196.0	0.698817221642825	0.05300649534265271	0.005463028643825124
197.0	0.6981562658847043	0.052900955946526905	0.005457550719158717
198.0	0.6983496189826437	0.05290116754854694	0.005502705209850661
199.0	0.6975935735940126	0.05280092555824744	0.005502906593170495
200.0	0.6970279864017558	0.05270562378322289	0.005502864008132469
201.0	0.6974694399144324	0.05274970378836723	0.005565587751308403
202.0	0.6976272368140807	0.05319567742525569	0.005803956508763656
203.0	0.6973151603101208	0.05316955433663671	0.005779000447750054
204.0	0.6973899209098576	0.052874502673509745	0.005664359037121954
205.0	0.6975127172894308	0.05281808282657076	0.005665217095222759
206.0	0.6971628653916606	0.052665784859615886	0.005643612077901542
207.0	0.6963487042337854	0.052612704461596195	0.005661098658335425
208.0	0.6965515417186003	0.05262061125964842	0.0057142518631943485
209.0	0.6972345061413466	0.05266397914541637	0.005777156070890147
210.0	0.6966611815920665	0.05243922115546884	0.005672746484395986
211.0	0.6960632746754892	0.05232978619128749	0.005672319409259421
212.0	0.6982577787880896	0.052477936000478315	0.005753449849591163
213.0	0.7000958354005598	0.052487296171762635	0.005792626054533206
214.0	0.7075068525938399	0.052922269535441005	0.005911473296148168
215.0	0.7071806758169734	0.05289918810331087	0.005890815786282918
216.0	0.7063835511619494	0.052872000258511395	0.005891448667012288
217.0	0.7080310313383793	0.052886168882367274	0.005927277999785725
218.0	0.707828876743831	0.052834472483821004	0.005928838589845434
219.0	0.7078860970784375	0.05282768010105334	0.00599164272975839
220.0	0.7072884388037358	0.052753595700771795	0.005995027397933073
221.0	0.707687478309262	0.05273757291727119	0.006028576870340145
222.0	0.7076831639224723	0.0527097841493988	0.006029785627924338
223.0	0.7072223016510201	0.05265713656905794	0.006079550151851991
224.0	0.7064896326458979	0.052587116207936484	0.006083776746837744
225.0	0.7070248265230394	0.052646518359718265	0.006155360422663289
226.0	0.7067826531171275	0.05258325729382117	0.006156493812304747
227.0	0.7068797795078294	0.05248176340426125	0.006154263747308436
228.0	0.7062760525199712	0.0523710428683987	0.006152655349825579
229.0	0.7064240922680899	0.05234502563717419	0.006153032285659074
230.0	0.7081990654639216	0.0525878947718707	0.006288206195075407
231.0	0.7091411450122324	0.052586851714620915	0.006290348468408368
232.0	0.7090433541910306	0.05255607700234316	0.006348689511663855
233.0	0.7092048895975525	0.052868754002843986	0.006539879839006356
234.0	0.7095090905739737	0.052961259764257515	0.006624279553369411
235.0	0.7102236769287321	0.05299025331211852	0.006677269178135078
236.0	0.7098435792092417	0.05285333164813395	0.006641629925151608
237.0	0.7093691161828297	0.05279930679622247	0.006658283987633786
238.0	0.7096204196167768	0.05277471805756128	0.00668772323471479
239.0	0.7092842363224111	0.05272207662465742	0.006705457169774395
240.0	0.7112485975812618	0.05269283429563207	0.006705257672428827
241.0	0.7105309511565772	0.05265305412493117	0.006705015314633637
