Iteration	GP_regression.Mat52.variance	GP_regression.Mat52.lengthscale	GP_regression.Gaussian_noise.variance
1.0	0.5792800221410478	0.34950378333803384	0.2732618295030523
2.0	0.5792800221410478	0.34950378333803384	0.2732618295030523
3.0	0.6739043063494581	0.13540451260915526	0.039053820848833444
4.0	0.6419321187188642	0.11103943338560741	1.4507424984015482e-09
5.0	0.6702221385200806	0.08315554720589113	1.4507424982941098e-09
6.0	0.7089271335223514	0.06846971620955797	1.450742494592274e-09
7.0	0.8262517208514916	0.07639910502485435	1.4507424903282007e-09
8.0	0.8531746585483797	0.09395585361983226	1.4507424814269378e-09
9.0	0.833442648719595	0.08994774454938827	1.450742472497568e-09
10.0	0.7773623159008064	0.07236877052196794	1.4507424701236111e-09
11.0	0.8284845223126925	0.07346396668108376	1.4507424631900664e-09
12.0	0.8036764923858142	0.06431591221652108	1.4507424597131128e-09
13.0	0.7652118810791232	0.06347592900208514	1.4507424572521187e-09
14.0	0.7321937068957146	0.06307552851888928	1.4507424528831153e-09
15.0	0.7459586117428753	0.06430923427341828	1.4507424525260155e-09
16.0	0.7178584322266064	0.06442087310914728	1.4507424521773675e-09
17.0	0.6904761095641803	0.06345230187000571	1.4507424519696008e-09
18.0	0.677246066654142	0.06246510646829189	1.4507424516093784e-09
19.0	0.6865647744830351	0.06537372602391792	1.4507424491323966e-09
20.0	0.6615876884879299	0.06467662845781293	1.4507424476088029e-09
21.0	0.6885891111139595	0.06919743627980675	0.001439531376541014
22.0	0.6717428053378404	0.06972182795366301	0.001404144416891528
23.0	0.6514578845940011	0.06959879101014868	0.0013718353774596328
24.0	0.6560881873647778	0.06431304626147412	1.4650247570495244e-09
25.0	0.634915922429294	0.06375624461932458	1.4650247550478832e-09
26.0	0.6194969533219704	0.06294582301323666	1.4650247507609452e-09
27.0	0.6015879001157037	0.06241799755753805	1.4650247484176995e-09
28.0	0.5856227430848839	0.06176987197830804	1.4650247462945496e-09
29.0	0.5786717304016153	0.061364506504062534	1.4650247443678048e-09
30.0	0.6091848320117988	0.06621791993916136	0.0020459595426044414
31.0	0.5959432053010532	0.06622603273644044	0.002032091769524104
32.0	0.5801879748329009	0.06563354372734279	0.002025138904308067
33.0	0.5673844343127948	0.06545385342990284	0.002018381007568749
34.0	0.5586426578062949	0.0646748425032116	0.0020283633827308327
35.0	0.5464009692285688	0.06398541647018711	0.0020326940844232885
36.0	0.5700358887147848	0.07008578559071059	0.0035092577480396485
37.0	0.557635466215739	0.06931924100007279	0.003553511429460314
38.0	0.5719966690478032	0.06884643965444183	0.0032383078576013508
39.0	0.5617766827470269	0.06808446515206189	0.003284427698477444
40.0	0.549739102502499	0.06769631546414714	0.0032882056568421148
41.0	0.5378522437361559	0.06714354850700073	0.0033093568863826446
42.0	0.526855360854038	0.06672351783526732	0.0033215118647938304
43.0	0.517495834070832	0.06610754784301583	0.003360261972260574
44.0	0.5080599636847886	0.06554312278480325	0.0033946774859315316
45.0	0.5113345281427483	0.06527588334787698	0.003448122824696243
46.0	0.5310315217422781	0.06885640012908001	0.005219326007987682
47.0	0.5294672533828938	0.06849072615871528	0.005307269769185904
48.0	0.5447939598451202	0.06974142314569551	0.00454142746991026
49.0	0.5348747388354564	0.06908125882221007	0.004588566400797725
50.0	0.5500202187078445	0.06996099134037811	0.003986566003293532
51.0	0.5409463219408817	0.0693152318344655	0.004036274074658236
52.0	0.5396747103526001	0.06890026502350645	0.004099990639480915
53.0	0.5546475478137505	0.06985263980293377	0.0035806659543627523
54.0	0.5446445647644917	0.06934492418248815	0.0036025839270841147
55.0	0.5351129034791875	0.06884874644587069	0.003629651697036196
56.0	0.5495420776713349	0.0695789162288593	0.0032426089278655085
57.0	0.5421141386065802	0.06900541453109717	0.0032848011907113984
58.0	0.5569995631679742	0.06982638005454984	0.002928913262612706
59.0	0.5493048548726658	0.0696841031072416	0.00291913848268055
60.0	0.5402910984423228	0.06930199476963333	0.002930025746674506
61.0	0.5327885958633176	0.06875622309565253	0.0029638785036790473
62.0	0.5244353839729492	0.0682729908407806	0.002989076345270683
63.0	0.5169843495333013	0.06801696973760175	0.0029934392229554107
64.0	0.5294976008117824	0.06833323878868522	0.0028594190118405517
65.0	0.5214006875300399	0.06787674105876108	0.00288174447401056
66.0	0.514445128046584	0.0676637127341206	0.002883256196911442
67.0	0.5069419006594079	0.06731079164109861	0.0028977717068912347
68.0	0.4999801324461245	0.06687490363420412	0.0029236760589599225
69.0	0.49303870471549555	0.06655005342349929	0.0029382835088492282
70.0	0.5048735995911446	0.06703681410688102	0.0026779377134418447
71.0	0.5193867918461856	0.06875409973060823	0.002859583541456485
72.0	0.5143306298109498	0.06873056706166493	0.002847455312254016
73.0	0.5257251210812035	0.06867379793054659	0.003392943056950424
74.0	0.5182775001955368	0.06831243092932904	0.0034092601772262713
75.0	0.5110741950786024	0.0679160277020273	0.0034315547790233028
76.0	0.5044019711282152	0.06764149319695575	0.0034413051205755296
77.0	0.4980141636119975	0.06738636125654952	0.003450258102427058
78.0	0.5103205199047148	0.06819439263124168	0.003184387821360743
79.0	0.5042413467348561	0.06777397433805948	0.0032129225966722463
80.0	0.4982793224541917	0.06736690379125362	0.0032409591296105964
81.0	0.4926392728969683	0.06718351789461449	0.0032440050622183506
82.0	0.48849863503036284	0.06708702798170997	0.0032730970655844146
83.0	0.4824483495106831	0.06674252297448058	0.0032922763825755405
84.0	0.4937877075373068	0.06748982436072498	0.0030451593048698234
85.0	0.4879127014010843	0.06722099184639124	0.003054698315943016
86.0	0.4997862864924172	0.06824597495090515	0.002927613662337583
87.0	0.4947061164112041	0.06809952437814171	0.0029263450338113117
88.0	0.48889090629814924	0.067823160127032	0.002936142432521249
89.0	0.4893290439871174	0.06761717842561445	0.0029648529553604835
90.0	0.48371146151728295	0.06727079988775833	0.0029834516632102582
91.0	0.49382697016051325	0.06763184628144403	0.002893521918248054
92.0	0.4883148809654331	0.06720730378472832	0.0029128480762703004
93.0	0.49905727103211817	0.06791069288979014	0.0027248026186401345
94.0	0.5011372641005354	0.06788767410801042	0.00274929607463684
95.0	0.49598466192858287	0.06733047246992824	0.0027679074686924603
96.0	0.49068250712319644	0.06657398535443386	0.002784340846677471
97.0	0.4869582879606076	0.06618171639253638	0.0028079812838345403
98.0	0.48187852017541843	0.06584594720213856	0.002825843659216561
99.0	0.4919794401551624	0.06665876694939572	0.002676109112563469
100.0	0.4885804100749038	0.06663133075051021	0.002669116491424353
101.0	0.48359815137573553	0.06638106732642202	0.002677828150007502
102.0	0.4786474004451976	0.06606982000566854	0.002692870618784573
103.0	0.4737974023891772	0.0657929353525677	0.002705267553081065
104.0	0.46951448117466066	0.0656189860628987	0.002710046336925885
105.0	0.4651663010971791	0.06542260977963857	0.002717022230005708
106.0	0.4612760116993131	0.06528481785300268	0.0027202460592447657
107.0	0.46994358508993167	0.06570919430498551	0.0025723072907843972
108.0	0.4656182549917024	0.06550768268059974	0.002579348017428982
109.0	0.46209083204069734	0.06520861224260789	0.002598595155635602
110.0	0.45808332058661866	0.06503693901220703	0.002604461224095664
111.0	0.45460734269712005	0.06475023926635907	0.0026232862193773655
112.0	0.4623021217550859	0.06478562317687131	0.002728570454825101
113.0	0.4710092976373249	0.06536743028232057	0.0025785326455810918
114.0	0.4666416996016213	0.06504004561305061	0.0025913873967355013
115.0	0.46293265933332894	0.064749801969602	0.002608876246114243
116.0	0.4587432584173653	0.06450621736900261	0.002620394335708121
117.0	0.4674590355811492	0.0652837179913033	0.0025203060238456897
118.0	0.4640601346928066	0.06518216129174222	0.002520682767396211
119.0	0.46003983826351597	0.0649802113278741	0.00252826387635589
120.0	0.4560502415550133	0.06472174966194486	0.002541419240355183
121.0	0.45218836604797297	0.06452588484195083	0.0025494483892713605
122.0	0.4483165709090681	0.06430218489167397	0.0025602652703380024
123.0	0.444533961433898	0.06407196228997392	0.0025722502576364494
124.0	0.44099898617107414	0.06382785168876175	0.002586796997010525
125.0	0.43738311946749786	0.06360407280028853	0.002599226681594283
126.0	0.4446201174048333	0.06375570468592826	0.002548821806742124
127.0	0.4526527799169112	0.06447644914259404	0.0024569103962718522
128.0	0.44962999919277424	0.06438689722154152	0.0024578117778910227
129.0	0.4467966209899515	0.0641437479978096	0.00247381886379661
130.0	0.4433364004867614	0.06397889291605037	0.0024802635928727174
131.0	0.44067411419677943	0.06391752769809005	0.0024802520023808864
132.0	0.4376775489580148	0.06368093504874199	0.0024952043628259615
133.0	0.43570601945814275	0.0634662867741186	0.00251194578395694
134.0	0.4335811193730892	0.06325046607324919	0.0025284882838318345
135.0	0.4310955007001311	0.06319301593547255	0.0025292139135912875
136.0	0.4288355124103028	0.06298003446486941	0.0025453469540274
137.0	0.4263791886006229	0.06291814609208385	0.0025465949935120856
138.0	0.4236440133636634	0.06270854271716012	0.0025613758476189393
139.0	0.42107494544871227	0.06262583475906632	0.0025647354994316053
140.0	0.41841207176357464	0.06252666549105464	0.002569478331649875
141.0	0.4154703562561895	0.06235071457821958	0.0025806496717607724
142.0	0.4136768477039201	0.06216904431637537	0.0025965964972395027
143.0	0.4110481861476889	0.062059622280727415	0.002602671396200619
144.0	0.4088353382787093	0.061865463914302164	0.0026177364774072755
145.0	0.40630232365950414	0.06168018579695035	0.002631577424371022
146.0	0.40433124642059837	0.061498901764981725	0.002647162884556727
147.0	0.4105142805588968	0.06201940431495626	0.0025340455863336387
148.0	0.41667161948683185	0.0623677978087915	0.0024118890985990694
149.0	0.4144672535081148	0.06230759694645902	0.0024138991801362464
150.0	0.42006758308252135	0.06221626555661563	0.0025690788497377375
151.0	0.41800490581063887	0.06217405290151323	0.0025697125896428827
152.0	0.4159157761016453	0.061986843602531615	0.0025843325114575546
153.0	0.41412236485228576	0.06180666222581111	0.0025993025533707064
154.0	0.411632497488637	0.061602053339633756	0.0026118599361961963
155.0	0.40904968295518873	0.06147233420189283	0.002619464734078739
156.0	0.4065312589245554	0.0613505148671245	0.0026267162823275132
157.0	0.40498176805809	0.06118559320666859	0.002641740566230206
158.0	0.4033050426334098	0.061019835041439346	0.0026565645812046852
159.0	0.4045291691875283	0.06154262316984975	0.0026731893856514846
160.0	0.4024177798869277	0.0613653333349401	0.0026869298382186557
161.0	0.4001949551452162	0.061192440462924526	0.002700035412013914
162.0	0.39830254105380647	0.06102241542125888	0.0027142302477511002
163.0	0.3959585685694549	0.060895545257606924	0.0027227257878559338
164.0	0.3936248118544971	0.060762019848855486	0.002732080618164357
165.0	0.3918480539703819	0.06060130667612605	0.0027462923778903115
166.0	0.3973264338195231	0.061184698716677324	0.002663510312643631
167.0	0.3950969488168364	0.06107431345360116	0.002670436783828591
168.0	0.3928203901256128	0.060925479097132765	0.002681062961532816
169.0	0.3907538725532748	0.060836391882469	0.0026868217974367866
170.0	0.3887732532634946	0.06075730369826271	0.00269203092611734
171.0	0.3869291818598166	0.060603052497193576	0.0027051579671222145
172.0	0.38511622810527923	0.060282058339728696	0.002716984147672145
173.0	0.3903517131506783	0.06083792800462384	0.0026403160187346373
174.0	0.38835383199050927	0.06074922718085407	0.0026458676870327828
175.0	0.38853217672866064	0.06065517251952871	0.0026598238310619952
176.0	0.38784400523927115	0.06052854838542621	0.0026738925578432974
177.0	0.38579765445250047	0.06038566101743783	0.002684853337196236
178.0	0.38704643836928365	0.06034407272761807	0.0026981014003337896
179.0	0.3912607238958143	0.06023654833662127	0.0028669940532099762
180.0	0.3907069289824135	0.06011741290740242	0.002881848511128091
181.0	0.3955723114493615	0.06047167705700087	0.0027638535924599944
182.0	0.3946814122288793	0.060368230454495804	0.0027779708202293287
183.0	0.3935031899288728	0.06022539801520498	0.0027917565082370924
184.0	0.3914809345951991	0.06011570557157092	0.0027993806970121747
185.0	0.3908734285130363	0.05999577541565635	0.002813507632574972
186.0	0.3888692402273296	0.0598656153350131	0.002823614769142687
187.0	0.3878712293140532	0.05973573235315644	0.00283753341736834
188.0	0.38597497558554944	0.059639000581682956	0.0028448713985748586
189.0	0.39045204820868507	0.05985630221945773	0.002731815912219302
190.0	0.39518508261261237	0.06030163616970986	0.0026406598718493935
191.0	0.39390779171744256	0.06028763009532842	0.0026410409968148875
192.0	0.3922578833576107	0.06008539447170821	0.002652388199914682
193.0	0.3908303792346114	0.059944748555193925	0.002664559332437101
194.0	0.3890316296029562	0.059861173035067015	0.0026699930329540673
195.0	0.38742486706385293	0.05980325096508702	0.002673746704870731
196.0	0.38556933237206303	0.059704028634060824	0.002680734710390404
197.0	0.38458899097260496	0.05958021255520683	0.002693297716978366
198.0	0.38302487222009063	0.059524017358891256	0.002697348262339469
199.0	0.381365895001345	0.05939476766996378	0.002708285204279217
200.0	0.3852106783089604	0.059274348280930714	0.0027823936094009674
201.0	0.3833872958114913	0.05917355000841561	0.0027900827379813893
202.0	0.3827854860048049	0.059065822743287276	0.002803026601522139
203.0	0.3810252002304527	0.05897385240846889	0.0028102724206717626
204.0	0.3795696186596042	0.05879189427232262	0.0028217084845010483
205.0	0.37782905237025777	0.05867896745622725	0.0028313110219590864
206.0	0.3778295287919063	0.05859661836688543	0.0028441594297933027
207.0	0.3765403186884173	0.05847686941692811	0.0028562725167970014
208.0	0.37686076769894966	0.058411111208016835	0.00286896972685969
209.0	0.3751882864608513	0.058297749219753975	0.002878402213548299
210.0	0.37612112337727194	0.05841864487095462	0.002891097846469743
211.0	0.3746293356231829	0.05821674455664749	0.0029015639593219867
212.0	0.377552731345451	0.0583793203791475	0.002911682107662669
213.0	0.3812728090869043	0.059033717179592764	0.0029211663295626447
214.0	0.3810911543989799	0.058793215693334906	0.0029336733738141484
215.0	0.38274951460227113	0.058791849881835404	0.0029450831325638165
216.0	0.3852683675342541	0.059572231126908105	0.0029563125712337595
217.0	0.3848976106566207	0.05903208188762988	0.0029679252283978507
218.0	0.3851066673369893	0.05896038513991258	0.0029805740592705734
219.0	0.38872342037996194	0.05943967606154577	0.002917869600529609
220.0	0.39091756371196384	0.0601724714268146	0.002929115032185214
221.0	0.3913894132873621	0.06033367388261945	0.0029418570919448883
222.0	0.39518604678866426	0.06114588629273629	0.0031120492465368096
223.0	0.39595092749290106	0.06138702124789942	0.003124961665207319
224.0	0.3955022709844729	0.06109341756000542	0.003137852407466748
225.0	0.39488261693631266	0.06102850143458498	0.0031508448174783583
226.0	0.3939388781350307	0.06074134628033481	0.0031626184701404264
227.0	0.3973724541246756	0.060988630900354814	0.003050640639251619
228.0	0.3959738802308218	0.0608498332823013	0.0030619502087976718
229.0	0.3956761626206323	0.06081858391552037	0.0030746742917400565
230.0	0.3945445912757383	0.060591166875349885	0.0030854804584110568
231.0	0.39352223719441354	0.060418843242702615	0.003097491488805543
232.0	0.39220237832565447	0.06028481405603325	0.0031089011706962695
233.0	0.3910658813529081	0.060151700534070505	0.003120831599178421
234.0	0.3902716834939398	0.05996488320317874	0.0031328265462853646
235.0	0.38894513771877165	0.05982757616331397	0.0031440335574869386
236.0	0.3888627132382298	0.059735068971879204	0.0031565801178351713
237.0	0.38771351846006397	0.059607222187957436	0.0031683570241851974
238.0	0.3862878751858263	0.05947705645358623	0.0031750030056882966
239.0	0.38671093497746906	0.059634536193063234	0.0031675247911965485
240.0	0.38966307287682816	0.059764893928864415	0.0030843330292095257
241.0	0.38850393235204456	0.05973128238253353	0.0030877921544803866
