Iteration	GP_regression.Mat52.variance	GP_regression.Mat52.lengthscale	GP_regression.Gaussian_noise.variance
1.0	1.0000041148727616	1.857848106915605e-05	3.4443820780928836e-09
2.0	1.0000041148727616	1.857848106915605e-05	3.4443820780928836e-09
3.0	1.0000001283682391	0.001625599336048654	1.0401521447890335e-09
4.0	0.9999237163196075	0.02607291337715123	7.620026415572213e-05
5.0	0.9943107756475112	0.015095106482728923	7.621039183346662e-05
6.0	0.7262320114457256	0.1534420762077829	0.30047341313408893
7.0	0.9137755859820917	0.02408012119711819	1.311349487070372e-07
8.0	0.9216417485842421	0.010478291896796464	1.3113503503842968e-07
9.0	0.6709257790787402	0.2220786838793349	0.3138691757956139
10.0	0.7728764748195863	0.11233288512999383	0.22753352611497965
11.0	0.7280797624470836	0.14775656940238524	0.24259756133203034
12.0	0.698669610057845	0.21821353445055947	0.3077328627245308
13.0	0.7916545056627722	0.2483031866927636	0.27713311448357514
14.0	0.933350533575394	0.3444584466247014	0.25458683395738924
15.0	1.27778094541446	0.6429565414803925	0.21307683176352843
16.0	1.0765620548415271	0.445501188976863	0.23156952026567293
17.0	1.1797671366836535	0.47536560191903243	0.20236408917121385
18.0	1.2963777306841129	0.5384176797417062	0.18206313399841265
19.0	1.3995475759289207	0.5625949312662211	0.16895698816435437
20.0	1.46907492321215	0.6337965746790366	0.15393186189610447
21.0	1.5337606333089169	0.6687473274930034	0.13526192406578494
22.0	1.5739343647204456	0.7070372308440483	0.12728549719290003
23.0	1.390647170154362	0.4406674706577309	0.14215723123123686
24.0	1.412471780663677	0.4288313964404445	0.1292484547337744
25.0	1.4929401759681062	0.4421003807928006	0.0918650068471989
26.0	1.5049287176567283	0.5048675158554353	0.0691043166389771
27.0	1.3827112862574484	0.5076205468887149	0.06263569537453716
28.0	1.4483733194360167	0.5812841403422889	0.0658463312863581
29.0	1.3621658924858706	0.5385842745081462	0.07266559669023004
30.0	1.3969272222834248	0.5724165600620679	0.06484135590889172
31.0	1.388333427099677	0.5708629368250531	0.060463885856985526
32.0	1.4141134917911553	0.6025085069626145	0.05997228108076132
33.0	1.4920626818081648	0.6583721336144035	0.0696642930528861
34.0	1.4182412761411083	0.6526576536652379	0.06877536567211588
35.0	1.3988580856939883	0.647586211971986	0.06875973615896058
36.0	1.462274506913201	0.6837152089036503	0.07074324674786418
37.0	1.4537037637832078	0.6849651422738366	0.07394338426037939
38.0	1.4922862571773408	0.6988923970937407	0.06956398831239002
39.0	1.420349333253518	0.7008838229379362	0.06930314461707239
40.0	1.4972586335954339	0.7671048055995572	0.06501920763178048
41.0	1.5370530758475485	0.7845516977581025	0.06173630800806861
42.0	1.5765937073327907	0.802387731942237	0.05941263118496481
43.0	1.6152521907763724	0.8161195383245978	0.05660608152882273
44.0	1.6527272281242538	0.8316829691914749	0.05937477286083007
45.0	1.5679315368763862	0.8368741664126889	0.058629592280467775
46.0	1.6000547880532006	0.850412016090072	0.05711269751443257
47.0	1.6353567737748704	0.8608725221118445	0.054927064871068756
48.0	1.6043794865407544	0.8964840829465471	0.05316592544898778
49.0	1.6433329146144908	0.9148416777708425	0.05180856744812652
50.0	1.6649078985051429	0.9153346050485687	0.051355419026020914
51.0	1.6980209739581342	0.9256700382156252	0.04971629145594842
52.0	1.7282523340190066	0.9304033193933791	0.050143386494593815
53.0	1.7596065785962334	0.9441314444439396	0.05039382846995571
54.0	1.7906921221778007	0.9484888671546873	0.049569943156530155
55.0	1.8227768215307933	0.9538096229107614	0.048360840793849516
56.0	1.8556897414247873	0.9665406810919102	0.04861376603194179
57.0	1.886222286420861	0.9696552056752656	0.047895739096669075
58.0	1.9188480782861825	0.9739648367169591	0.04788034974622089
59.0	1.949950846417119	0.9806111370298836	0.047158850416435576
60.0	1.981650616835376	0.9854511895635611	0.0461369661178439
61.0	2.0131578381558417	0.9890333437233865	0.045176462459525585
62.0	2.049472270928702	1.003713427795888	0.046572859469695624
63.0	2.0804800820185987	1.0065172843723018	0.045733802574415484
64.0	2.1107008625875823	1.0083259397540285	0.04507409911838091
65.0	2.1416337679062263	1.0104874006388906	0.04437779696672749
66.0	2.1752986356290647	1.0152766037841032	0.0453589457743971
67.0	2.206603115357887	1.0174327658218831	0.044619961557531944
68.0	2.136500917159267	1.0499061171520165	0.04353174348231314
69.0	2.081671350224148	1.0944614745857733	0.04162595501500069
70.0	2.105617806278652	1.091986618623042	0.04114409208984568
71.0	2.1376714596527617	1.099482973788671	0.04064194493703936
72.0	2.1722937843338457	1.109436524926826	0.04026813851569677
73.0	2.0766110505530184	1.1284111274463504	0.03886005839582558
74.0	2.1032312780402767	1.1312368991900619	0.03829429256872867
75.0	2.144499880274334	1.1498969236661738	0.038435941532756944
76.0	2.1899058684670476	1.169171777780608	0.03835353333188513
77.0	2.193264253378288	1.1566159938818605	0.03834990092530543
78.0	2.237130072623886	1.1766755235878326	0.038834759386358504
79.0	2.250912568985711	1.16897903688327	0.0387113818315715
80.0	2.2781539958109347	1.1715329596864024	0.03823331816698245
81.0	2.3222392122181823	1.1911978139923236	0.03892308008363657
82.0	2.347120155496659	1.192106196601073	0.038497698910105994
83.0	2.3714225322634768	1.1921999194471402	0.03810110721517224
84.0	2.4042202715301024	1.1991902918075104	0.03776649963193784
85.0	2.473853189808716	1.2370310669739282	0.041330545042802105
86.0	2.516232373121062	1.2487875051600619	0.04099119350648504
87.0	2.5316088439274793	1.2470773534566422	0.040733487771326474
88.0	2.576358775460466	1.2592764091246915	0.04057170580283302
89.0	2.5783969727414946	1.2504766296620522	0.04088060535285871
90.0	2.5917594409275226	1.244573480451066	0.04123485931648613
91.0	2.638262684043026	1.26292394590862	0.04255546939241909
92.0	2.687918934371254	1.2797614629506362	0.04308389463462308
93.0	2.6705179343895744	1.2587286620328535	0.04549171173973032
94.0	2.7072381805938477	1.2681578994584501	0.04569736831196755
95.0	2.7565738266372324	1.2867033203973173	0.04740897584767136
96.0	2.760017073040398	1.2773538146956425	0.048532542779842446
97.0	2.782352748806107	1.275474399113835	0.04841432142616415
98.0	2.8144880213466745	1.2805985108763998	0.04816681603005226
99.0	2.8500387601959978	1.2881380918417884	0.048160737058731674
100.0	2.8773553935889344	1.289423914700296	0.04780797469179196
101.0	2.9036991680522166	1.2900698850742889	0.0474886403623347
102.0	2.9239913060286957	1.2876606326324342	0.047735494069405
103.0	2.944811592077211	1.285251001206216	0.048386049163794055
104.0	2.976406628389624	1.2906254037699738	0.048387069848216724
105.0	3.0053196985783868	1.2928608871490417	0.048070289878958665
106.0	3.0335375493501067	1.2944456531163655	0.04775030056492383
107.0	3.0776242995205907	1.312492069686957	0.05065674063683729
108.0	3.101365222934256	1.3113213127331522	0.050442267004202145
109.0	3.1276318472303006	1.3115680708121469	0.05016028010921224
110.0	3.1486105604970684	1.309021826606809	0.05029296860073422
111.0	3.1829110898734028	1.3151986223644834	0.05039818759933544
112.0	3.2093915150113435	1.3154811670052025	0.05013256570125908
113.0	3.2371533248959707	1.3164891615647523	0.04984531426739805
114.0	3.258958877565872	1.3147099122832755	0.050068870287617064
115.0	3.282251941563979	1.3133263972681022	0.050281177436345775
116.0	3.310966572299869	1.3150691537454957	0.050028419457088406
117.0	3.3451686866897172	1.3220670875283094	0.050645978173436336
118.0	3.3758076033405278	1.3248113740999365	0.050455571515990914
119.0	3.4140847035039483	1.3330779698157973	0.05115705954445265
120.0	3.4620031131472215	1.346646909196465	0.05281915324147785
121.0	3.467141939666536	1.3404153603838007	0.05402327233989591
122.0	3.510339294944602	1.351121990476074	0.05475688746734001
123.0	3.541522599308621	1.353686643649985	0.05450454370659011
124.0	3.57819052867599	1.3590374000691772	0.05437355500796541
125.0	3.605381386148019	1.359581832024004	0.05413044051367738
126.0	3.6248667518941877	1.3567645976024467	0.05407998122719237
127.0	3.6330054302366883	1.3504880204791871	0.05525569408076438
128.0	3.6560300822987983	1.348934750635487	0.05524259737375677
129.0	3.6865234634081196	1.351239898513545	0.05505962544897835
130.0	3.719022526907156	1.3546549626960909	0.05499205036318336
131.0	3.748285820410789	1.355994172182195	0.05476543216321176
132.0	3.7718308059441044	1.355017415266477	0.054732207739340365
133.0	3.8101027331619126	1.3622556745921994	0.05545461241663047
134.0	3.840854887122424	1.364096986024804	0.055255044868313244
135.0	3.8810656319436734	1.3705331357734285	0.055709533163232364
136.0	3.925390919144688	1.3775991504447551	0.056285226335172904
137.0	3.9567919794375137	1.37907793178261	0.056068701204969804
138.0	3.970476672503993	1.3780573164814962	0.05647731755820379
139.0	3.9784973634360608	1.3740972167292766	0.0576065013151908
140.0	3.9939163105226982	1.370426489405177	0.05830696262773041
141.0	4.033723810032078	1.3793323486016908	0.05936392401449224
142.0	4.053974199744393	1.3766831242936544	0.059447906601877015
143.0	4.078436957273316	1.375732178353393	0.05934657739205861
144.0	4.1085612594279	1.3773928951804537	0.059174553099141804
145.0	4.132994430917931	1.3765404672692418	0.05910029024711664
146.0	4.157112636811451	1.375627070850282	0.059088790944199505
147.0	4.1897220954985155	1.3789272812032158	0.0592037396490098
148.0	4.219562523619996	1.3802529639307632	0.059041132124444874
149.0	4.2438299502457495	1.3796093258347635	0.059015370380301004
150.0	4.2698915630548635	1.3793971758250776	0.05888149315545859
151.0	4.29850613024419	1.380106039202663	0.05870399074336846
152.0	4.318954584625953	1.3799049674234574	0.05961591686717608
153.0	4.351140498394181	1.3834442220658307	0.05977841702806496
154.0	4.379762702254406	1.384309179091451	0.05960625807777781
155.0	4.406337571743247	1.3841416170332648	0.059452245049255746
156.0	4.4377649559166805	1.3865876238932213	0.05944030697146956
157.0	4.467085688957871	1.387675692773455	0.05928808246962371
158.0	4.493795337763112	1.3875847650585027	0.059136202902501406
159.0	4.520524505724824	1.3875103104843471	0.05898656342984166
160.0	4.538748859091185	1.3866467560180322	0.060220174504907305
161.0	4.571386105163686	1.3906060174775319	0.0604893634774633
162.0	4.601636481497828	1.3924023636415608	0.0603834903838642
163.0	4.623326264573446	1.3902266794575828	0.060543533369757076
164.0	4.650147597563869	1.3901266895262387	0.060397991095719084
165.0	4.678944370024957	1.3910501665901853	0.060266848433263645
166.0	4.702950161632099	1.390052111588125	0.06035990898200556
167.0	4.725789573193952	1.3892240356857606	0.06092615275770709
168.0	4.752683247195732	1.3891326860586202	0.06078764569263484
169.0	4.782069278412921	1.3910206378702454	0.0608815907680902
170.0	4.807183301128565	1.3904253138320752	0.060977669839814286
171.0	4.836839328641879	1.3925294707703264	0.061147998470443096
172.0	4.867205760522427	1.3947144057792864	0.06131449326605122
173.0	4.896623267667006	1.3958356190507633	0.06126249816375784
174.0	4.921950022951402	1.3954505318109476	0.061239681970957006
175.0	4.948665387355415	1.3953308689095776	0.06111535844707055
176.0	4.977828942006831	1.396224560980418	0.061080587351505
177.0	5.00780458218209	1.3972863418468051	0.06114641359494225
178.0	5.037311554321412	1.3976638834940247	0.06113895289343661
179.0	5.063801017203717	1.397940044363855	0.0610508901706403
180.0	5.089987788847924	1.3982447853181648	0.06099183295512025
181.0	5.119251249799831	1.398370256126527	0.06099273012654277
182.0	5.144585906188844	1.4000294145616121	0.06118937133804239
183.0	5.1669647507964624	1.4011935517836127	0.06197881528679366
184.0	5.197283800260143	1.4029751517687588	0.062013448575667644
185.0	5.2200411203778865	1.401742568775361	0.062224662286618944
186.0	5.251733355919409	1.4046103641711278	0.0625192530085329
187.0	5.284491426257648	1.4075578063130556	0.06273829769832959
188.0	5.309229931376671	1.4067489411758045	0.06268283848368152
189.0	5.334843637057254	1.4062332025042552	0.06260017114697332
190.0	5.365221575671107	1.40760708504873	0.06258712199299821
191.0	5.395444220472086	1.40874021149049	0.06254058588777009
192.0	5.421416377624787	1.4083956549524752	0.062446165592859856
193.0	5.440082076154064	1.407745591047855	0.0632651852350638
194.0	5.459394889997905	1.4067244245453923	0.06433593477615362
195.0	5.486791536626321	1.4069128228386296	0.06422214336702435
196.0	5.512686974570115	1.4064042231712615	0.06416552936821922
197.0	5.536098469607498	1.40632300798955	0.06506944062063122
198.0	5.563309446560961	1.4065246226486032	0.06496263071540959
199.0	5.590803718936628	1.4070259498213078	0.06489137249389315
200.0	5.618350247029256	1.4074843422732937	0.06481742778248616
201.0	5.645890496610407	1.4078416499146182	0.06473460314585323
202.0	5.673284269286972	1.4080914734922356	0.06464596663877409
203.0	5.701765286655321	1.4091076412794517	0.06471985074541821
204.0	5.725128148863987	1.4100758075148587	0.06584860235800225
205.0	5.753545410039695	1.4112389412676354	0.06585424298679277
206.0	5.777969368333592	1.4101910545022025	0.06599920875228872
207.0	5.804543203526599	1.4099638465960498	0.06590142542960607
208.0	5.832042782860479	1.4104840872144317	0.06585688437099384
209.0	5.857536677364124	1.4100179861139357	0.06598596570917037
210.0	5.884017380246374	1.4097375617464394	0.06590469593524445
211.0	5.910481624385398	1.4094724031836214	0.06582787904747261
212.0	5.937088707457007	1.4114635767518822	0.06723001640478454
213.0	5.9672771461038066	1.4189491540529873	0.0691749592531853
214.0	5.979669377200401	1.4137631752070319	0.07111172803186469
215.0	6.004600337800575	1.4143638324432106	0.0714361954840631
216.0	6.029736659353551	1.414116698126425	0.07151867633471483
217.0	6.057565248585161	1.4148026612522588	0.07153899019651543
218.0	6.085097940814332	1.4152240703652659	0.07156307413008646
219.0	6.113175924950745	1.4161557484689495	0.0718555951564913
220.0	6.139169756500695	1.4165073197577924	0.07190782153981692
221.0	6.165063326948077	1.4166753021909115	0.07194965626303457
222.0	6.191526436210985	1.4164655286229637	0.07185156323732526
223.0	6.218585069034963	1.4165550018522797	0.07182305912253563
224.0	6.245297928077954	1.4164299760386152	0.07174529924639861
225.0	6.273312696789542	1.4173353803481894	0.07201498496548508
226.0	6.29910468410132	1.4177230129669658	0.0721192096783894
227.0	6.325986464923298	1.4177028108214402	0.07212625047842101
228.0	6.353928279307316	1.4189143544927525	0.07278571054509611
229.0	6.380779542448262	1.4191855719472686	0.0734171925966441
230.0	6.406638777330082	1.4199523257334423	0.07353648607117338
231.0	6.433107751526201	1.4197723933143271	0.07344511732933771
232.0	6.4600673035209155	1.4196963115806907	0.07371765755898009
233.0	6.486860557867469	1.4194447494831648	0.07368143937262277
234.0	6.513123300428993	1.4192585337022656	0.07359101959213016
235.0	6.538757497519234	1.4191812789334814	0.07354927134177199
236.0	6.565281787685805	1.4189694685808925	0.07346885632041926
237.0	6.5915619767028595	1.4187214898802978	0.07338090302253061
238.0	6.616043559858808	1.4184920148322078	0.07345410683485036
239.0	6.642027374250818	1.4181382054534362	0.07336673518724766
240.0	6.6665364144890225	1.4174278706984174	0.07334505702737645
241.0	6.693948477295052	1.4177095219372733	0.07330340187710632
242.0	6.718824699288153	1.4169388404881946	0.07323901892878196
243.0	6.744337576094725	1.4163399078292354	0.07315400897037969
244.0	6.767701237163826	1.4147810974682744	0.07313282778281725
245.0	6.793128682888362	1.4140838267940807	0.0730471674174364
246.0	6.817379990795824	1.4126901535426772	0.07296765766528494
