Iteration	GP_regression.Mat52.variance	GP_regression.Mat52.lengthscale	GP_regression.Gaussian_noise.variance
1.0	1.0000003833406863	1.2304528667247963e-05	1.6335464028696345e-07
2.0	1.0000003833406863	1.2304528667247963e-05	1.6335464028696345e-07
3.0	1.0000003833406863	1.2304528667247963e-05	1.6335464028696345e-07
4.0	1.0000003833406863	1.2304528667247963e-05	1.6335464028696345e-07
5.0	1.0000000830267373	0.004295759886473603	1.0142060929040788e-09
6.0	1.0000000830267373	0.004295759886473603	1.1000000000000003e-09
7.0	1.0000000830267373	0.004295759886473603	1.1000000000000003e-09
8.0	1.0000000830267373	0.004295759886473603	1.1000000000000003e-09
9.0	1.0000000830267373	0.004295759886473603	1.1000000000000003e-09
10.0	1.0000000830267373	0.004295759886473603	1.1000000000000003e-09
11.0	1.0000000830267373	0.004295759886473603	1.1000000000000003e-09
12.0	1.0000000830267373	0.004295759886473603	1.1000000000000003e-09
13.0	1.0000000830267373	0.004295759886473603	1.1000000000000003e-09
14.0	1.0000000830267373	0.004295759886473603	1.1000000000000003e-09
15.0	1.0000000830267373	0.004295759886473603	1.1000000000000003e-09
16.0	0.9999999898862948	0.0011254462473725961	1.026325037101923e-09
17.0	0.0007275019141308385	0.012623605776313886	0.9992712571486556
18.0	0.0007275019305562199	0.012623604225601017	0.999272530798744
19.0	0.9748327225032692	0.012245937346616687	0.05430269706709738
20.0	0.9022602502376512	0.021776321631943683	0.02748882598146979
21.0	0.9039652783779109	0.024508589067194435	0.02726623697588363
22.0	0.886323447285252	0.026948324855712844	0.023611070655623186
23.0	0.8249717952665172	0.027054374060905908	0.0210413963895426
24.0	0.8441552947516447	0.01492690175100442	0.027398049217389767
25.0	0.8202449863200794	0.016357437104846988	0.026887490383968326
26.0	0.8007519032454491	0.017645998480665455	0.027337186701555664
27.0	0.7917686634571502	0.01860010173269487	0.028724533962403417
28.0	0.7857484989309498	0.020457303987354788	0.031146923038613085
29.0	0.7737923512309502	0.020577767688665188	0.020258145708308195
30.0	0.7667152913799202	0.021451683307367613	0.021780988054734333
31.0	0.7662210892456642	0.018500500235460005	0.019543331872063207
32.0	0.7652274980861081	0.01779001427823571	0.019416987143840412
33.0	0.7700031017925908	0.01800507021729638	0.01989196590037498
34.0	0.7710216392119273	0.017847017395745703	0.020298916654422558
35.0	0.7313366993037304	0.01773904823499919	0.0278812727489842
36.0	0.7299264975443178	0.01565985192034303	0.02557764615871353
37.0	0.7562900567323403	0.015950937080805538	0.025939706628837475
38.0	0.754099424908699	0.014873502690760524	0.025213953052050073
39.0	0.7310586542394556	0.014962652974637964	0.020554650192078788
40.0	0.7191616571010437	0.015121022224505967	0.018282396682874857
41.0	0.7283819872843909	0.0156331643645201	0.019049567062607034
42.0	0.7250307644131204	0.013598367810488482	0.01668214605357026
43.0	0.6997902017872292	0.012759434254407228	0.02683699264154913
44.0	0.6922128652616629	0.012667658406779617	0.02699916163985593
45.0	0.6886958722026834	0.012824628151591808	0.026818920059435654
46.0	0.6898363918993791	0.012713843447152932	0.027111558747197093
47.0	0.6861073752878024	0.010931652240791963	0.02487271876740772
48.0	0.6838351605650095	0.010882854759197359	0.025205218540828123
49.0	0.6804669459578953	0.010817000684614317	0.025477696230398514
50.0	0.7070605720275599	0.011042566615422605	0.025683615766433906
51.0	0.6875085995736789	0.012237391242934515	0.05731651519853141
52.0	0.68384198512881	0.012141057375314712	0.058055032239195024
53.0	0.6775996392500376	0.012107275753374084	0.05838187309342879
54.0	0.6765234411137597	0.01229743191690633	0.05152298639428855
55.0	0.687389892533223	0.012836498680038519	0.05046682292365771
56.0	0.6881814258368291	0.013000527267567999	0.04930459377058462
57.0	0.683079286310617	0.01246155135208322	0.04995509258313782
58.0	0.6810631116971143	0.012406480558388748	0.05059845999312025
59.0	0.6753798095200826	0.012336686654766928	0.050580697919895536
60.0	0.669889472704073	0.01226902563675953	0.051018040327143604
61.0	0.6642481933399146	0.012226496327892473	0.05131428433622367
62.0	0.6545232820149518	0.011908105246672301	0.046947513848108025
63.0	0.6492218804318068	0.011851419538764932	0.04731587987078071
64.0	0.6569372321573015	0.011830724992775708	0.04770428421635736
65.0	0.6846722591423502	0.012567131601366239	0.04455334211070003
66.0	0.6822853442669647	0.012483479656287325	0.04503516999255782
67.0	0.6852120869552156	0.012716668469717866	0.04408933204697217
68.0	0.6856711286808003	0.013089608518650452	0.046733741486975316
69.0	0.6887004397228689	0.013222002482813569	0.047259279913937975
70.0	0.6831182970043059	0.013151581670299535	0.04760019131170168
71.0	0.6870022871466999	0.01341690626189385	0.04746588265007514
72.0	0.6813798922707366	0.013376013339667502	0.047630604142095044
73.0	0.68715455423872	0.013781841344531514	0.04718630192372085
74.0	0.6936910531172349	0.014188333969739361	0.04651912462322716
75.0	0.6919334602224567	0.014177245774103476	0.04705011507322106
76.0	0.687141503134629	0.014077564499839506	0.04746315788661099
77.0	0.6943674852134697	0.014298221906964547	0.0478746612251496
78.0	0.6888894909108703	0.014210426801731086	0.048206263150607304
79.0	0.6979386902436138	0.014234272592251589	0.04847172359948234
80.0	0.6933672090159422	0.014234758140494056	0.048379167469685305
81.0	0.6990430967118854	0.01450886646620805	0.0488090774830822
82.0	0.693730126851047	0.014430009828408818	0.04910163429182239
83.0	0.6964646703648047	0.01438407215107405	0.049506195395731936
84.0	0.706334339969574	0.014709066045511148	0.04972397744715186
85.0	0.7072713041507384	0.014607205128245402	0.05020978219662475
86.0	0.7055567803548749	0.014522053257544043	0.05065793443565835
87.0	0.7196520729753054	0.015109171278316557	0.05015936527252383
88.0	0.7234622457098342	0.015277472395089992	0.050609182788622954
89.0	0.726929456647289	0.015439013385193589	0.05109161939909592
90.0	0.7316488450824717	0.015702876888719127	0.050989259142327145
91.0	0.7376770355021323	0.01612176004396239	0.05034450853289499
92.0	0.7335305321522849	0.016017342757117185	0.050678828840083824
93.0	0.7381069719993445	0.016208823341489875	0.051175524117658674
94.0	0.7403051658513115	0.016209309912651498	0.05127569500649003
95.0	0.7436280892591773	0.016271999002538257	0.05146167571659146
96.0	0.7595886318771826	0.016643178935030534	0.051393285521850865
97.0	0.7672966463980675	0.017114150729918426	0.0505650999109917
98.0	0.7746793585468582	0.01759466554218822	0.04973187381731493
99.0	0.7804346640445115	0.017855360532281792	0.04848602148579183
100.0	0.7833705034833219	0.017969456201220924	0.04855220273781145
101.0	0.7939687312512508	0.018457020011273473	0.047853270313028044
102.0	0.8022197555608086	0.018837840907876147	0.04655900280711592
103.0	0.7951123896128124	0.018724818267353997	0.046670189739933664
104.0	0.7998361613305259	0.018989451422788507	0.04665237776078541
105.0	0.7939830899916257	0.018858635919933944	0.04689996938632602
106.0	0.7969675048960888	0.01852299743829829	0.047593904447158414
107.0	0.8051054922498581	0.01895126495967869	0.04624846852145202
108.0	0.8088502541314843	0.019527542117140896	0.054104240539954225
109.0	0.8162355885056943	0.01986880920815985	0.05272968737662278
110.0	0.8249330948238253	0.020061876782383168	0.05017582846865398
111.0	0.8349092788249698	0.02054228757376365	0.04953846841945862
112.0	0.8422877434713002	0.020930727674363585	0.04899960274685832
113.0	0.850334404261633	0.022113682764981955	0.06081661297201695
114.0	0.8549573134342212	0.02218718894592179	0.060731319174316865
115.0	0.8702751457358182	0.022760926384055344	0.0621243063838926
116.0	0.8838736239766922	0.02352889229929686	0.06239387503906264
117.0	0.8889847389201355	0.023788647828226393	0.06437893850217598
118.0	0.8854734303122032	0.023021785430485102	0.06353087358931182
119.0	0.8973459063306098	0.023655866245749214	0.06402652805224877
120.0	0.9010970464641166	0.024687591059484173	0.07220005319086423
121.0	0.9064772888046407	0.02580791630509959	0.07973722582443359
122.0	0.9261062930086792	0.028046772461433084	0.0861611668861123
123.0	0.9445196924891248	0.02994046390411853	0.09239413334252423
124.0	0.9479551021552937	0.029967344482377516	0.09273384246189448
125.0	0.9314119335756095	0.025649999976616045	0.07539644705948459
126.0	0.9231979786461156	0.02471897563144307	0.07296174561082568
127.0	0.9338579106344015	0.025059309887031627	0.07134568179088435
128.0	0.9449422677378829	0.025227661116256173	0.0696176375443018
129.0	0.949567565712752	0.02507638035886603	0.06740485801488569
130.0	0.9623577405534587	0.026020948180187145	0.0695119880913817
131.0	0.9509892182092616	0.025686085763918967	0.06909101298663593
132.0	0.9615245306863955	0.026054275687179086	0.06799279473588049
133.0	0.9594180009446052	0.02598933130600214	0.0684713905039349
134.0	0.9630023335303419	0.02642152356253443	0.07029648512484021
135.0	0.9660285937451429	0.027259417595494554	0.07535228944518627
136.0	0.9639946039134192	0.02742771213388765	0.07413305412842067
137.0	0.9723660402823632	0.02740124969599472	0.07119862558209332
138.0	0.9606748360079214	0.027019367335023272	0.0706413154840098
139.0	0.9666463961773472	0.026557438623865722	0.0660193839234943
140.0	0.9676551168387595	0.026429459758024267	0.06511214376225685
141.0	0.9571930962754899	0.02610665536572872	0.06485371058217265
142.0	0.992597201651165	0.026861158912549307	0.06428277960679148
143.0	0.9878557963541738	0.026956200038667312	0.06333654675325674
144.0	1.0039164193222125	0.029845465414472822	0.07397342749262041
145.0	0.9920100443214972	0.02812178969761092	0.0730130797668297
146.0	0.9450903784048457	0.024094030984302423	0.07174696601002373
147.0	0.9354956509140376	0.023851645462177842	0.07090956016715018
148.0	0.9423513749910898	0.02465037050920598	0.07350853143595477
149.0	0.9313189411120801	0.024204285975966622	0.07242427542966183
150.0	0.9221708061112297	0.02394358014139442	0.0714124391162277
151.0	0.9350113832922952	0.02516231201935011	0.07498485653556412
152.0	0.9241127921593648	0.02466314155970036	0.07374624439411524
153.0	0.9137811346917414	0.02424342792570103	0.07267084504286242
154.0	0.924830572344484	0.02508070279503684	0.0748140878892944
155.0	0.9144225662100286	0.024651189946474472	0.07361706824690174
156.0	0.905946308839781	0.02439184543433522	0.0725697133588506
157.0	0.8824260077172058	0.019824667665459587	0.05774429469027214
158.0	0.8751673694684315	0.019679997302546274	0.05769839874784357
159.0	0.8715737877216891	0.019731351541786974	0.057228489736873944
160.0	0.8780011362124533	0.020258340081506628	0.05843076237515507
161.0	0.8791253440682187	0.019976671758494356	0.05450858583955801
162.0	0.8760406940447909	0.019874838105112876	0.05467225221873102
163.0	0.8843024385573915	0.02014778857820931	0.05512742496381576
164.0	0.8769817483792068	0.02001192485443431	0.05501435175899196
165.0	0.8850755051736046	0.02068101134262627	0.05823525389356164
166.0	0.87773255432057	0.02056024825560161	0.058105804014113145
167.0	0.8835172051989691	0.020889335975818792	0.059152698414591566
168.0	0.8793860779582179	0.020711031291933354	0.058821098429673736
169.0	0.8881675070788726	0.02140566598572095	0.061204099436086595
170.0	0.8807463904401439	0.021234221097155316	0.06114896846058897
171.0	0.8857011777900823	0.02156984866102204	0.0602047125533655
172.0	0.8874215459882733	0.021803209479856756	0.059425758121418815
173.0	0.8936431733792559	0.022127003416956243	0.060313652468976554
174.0	0.9014850946591738	0.022393154612107124	0.059469375603265866
175.0	0.9023601328985222	0.02246820481713362	0.05999293345435265
176.0	0.8948268926884987	0.022332024472540814	0.05982245887268772
177.0	0.889105474752515	0.0222879059068718	0.05947695114789789
178.0	0.8960727642685886	0.02267056485239658	0.060505551447705315
179.0	0.8914100466559823	0.02266987358025772	0.06008317807335289
180.0	0.8980643317976297	0.022857611342516414	0.059476883275877655
181.0	0.893524973687374	0.02286212981527865	0.05905549648654915
182.0	0.9208069721689178	0.023496209126656103	0.05936302176277916
183.0	0.9144336381141982	0.023319110888409655	0.05936634341412284
184.0	0.9121092233831074	0.023300951946735215	0.06072983305904445
185.0	0.9020204170780857	0.02349403927675141	0.0668672936815048
186.0	0.911271038111718	0.024081021332716893	0.06735038966682912
187.0	0.919495777370022	0.02453889575111488	0.06664903912101047
188.0	0.9135622294032703	0.02432093764563278	0.06654981620002975
189.0	0.915209907514623	0.024431972221350937	0.06545530909974843
190.0	0.911070347682848	0.023607856717462364	0.06520780933141529
191.0	0.9167457999316377	0.023991010890802664	0.06374898058695351
192.0	0.9114892821503251	0.023939747692508246	0.06325413588519176
193.0	0.9104114915383722	0.02391930928881099	0.061988522555251425
194.0	0.9106774578366443	0.023764547979122665	0.05906264162093662
195.0	0.9041122015418163	0.023640943082566243	0.0586737125633295
196.0	0.8968271937724608	0.02345995762603414	0.058382935814734915
197.0	0.8988612141736924	0.023459833591265827	0.058595554416209845
198.0	0.8956569587382116	0.023360792611507135	0.05872503445621846
199.0	0.8871390121161384	0.022773361811762444	0.05704347867131381
200.0	0.8894414062074729	0.022837957012275197	0.055162003642579754
201.0	0.877481667448728	0.021949091389032033	0.05307540895987585
202.0	0.8780894751100994	0.02202791363769299	0.053554081339856036
203.0	0.872275021922168	0.021879651619220206	0.053532033687205154
204.0	0.8676500098619118	0.021843896918700687	0.05326123017827519
205.0	0.8678674299734476	0.02180020991199522	0.053208373091932416
206.0	0.8750755810493127	0.022385217687151206	0.05439652735571907
207.0	0.8694725407100672	0.022238684691238957	0.054405900717950574
208.0	0.8634147019440169	0.022101063142571716	0.054355315042832066
209.0	0.8629009701288273	0.02211061565094664	0.0529938839512002
210.0	0.8660821557029726	0.022318820500669325	0.05392053489092845
211.0	0.8783486189692505	0.022899122355040075	0.053070073866012535
212.0	0.8743396610855774	0.022643021048330016	0.05271252200173063
213.0	0.880727946357196	0.023123983173283597	0.0535679943591082
214.0	0.8834825346117416	0.023090325543525855	0.05165466023986535
215.0	0.8771454290145067	0.022952852981979233	0.05158266963569581
216.0	0.8712005650042572	0.02284510049593456	0.051453489074776475
217.0	0.8674465312242509	0.02272356386327951	0.051539227840478555
218.0	0.8635013287575488	0.022600326432675562	0.05162088979756496
219.0	0.8676917512111698	0.02269659173355918	0.05048177389758517
220.0	0.8861552783951805	0.023477238504303763	0.04946559600228462
221.0	0.8889971030910999	0.023716871601050512	0.048870590948042775
222.0	0.8957221759918136	0.024164963232672126	0.050249827976812426
223.0	0.8978922924409978	0.024103479092703464	0.04855952776989416
224.0	0.8997804759801573	0.02411456677910996	0.04738234706376261
225.0	0.9025305351625771	0.024571511862859025	0.04875352842740254
226.0	0.9131130972561528	0.0252517981598572	0.049132913000226215
227.0	0.9069038253269281	0.02512761143876067	0.048971585650302976
228.0	0.9031892933631773	0.025124446976994372	0.04867797323382248
229.0	0.9053493431416644	0.025354721113734727	0.04802127374478991
230.0	0.8989392883524125	0.025194883669896473	0.04793528241346485
231.0	0.8966730218938235	0.02509323991427038	0.04802585414775917
232.0	0.9035721028747283	0.025749860194579723	0.04930828051400618
233.0	0.8974794310485467	0.025571635945796815	0.04925829964927332
234.0	0.9010187229236037	0.025767954816906944	0.04874691025452867
235.0	0.8949617779095842	0.025585779643572067	0.04869409024567975
236.0	0.8888570787518183	0.025442167492245503	0.04860682456058534
237.0	0.8914872399775297	0.02560694390870636	0.04776736723170595
238.0	0.8865075170880035	0.02553144436291393	0.04757794717836448
239.0	0.8806570406178571	0.02540122206589048	0.047481876865617334
240.0	0.8755042357361627	0.02531152339558423	0.04732638717979888
241.0	0.8700651112104563	0.02520192946069534	0.04720956083808413
