Iteration	GP_regression.Mat52.variance	GP_regression.Mat52.lengthscale	GP_regression.Gaussian_noise.variance
1.0	0.9602678596081067	0.7118386057480142	1.0000125559219938e-09
2.0	0.9602678596081067	0.7118386057480142	1.0000125559219938e-09
3.0	0.9149047012339795	0.3981830907008408	1.0999999983777602e-09
4.0	0.9261791265389184	0.46302807032854953	1.0999999988593873e-09
5.0	0.9724480557596022	0.35786087936681266	1.0999999992476605e-09
6.0	0.9644267878753552	0.3513747002116455	1.0999999995312681e-09
7.0	1.0292159970212147	0.3791479496081007	1.0999999994871426e-09
8.0	1.110960963451329	0.42468823033829484	1.0999999995854563e-09
9.0	1.2563510550426509	0.47654882749542604	0.00609648042456478
10.0	1.1947236336491394	0.4627838340506504	0.006850215552767933
11.0	1.2225274499283454	0.4350269226973672	1.928878251043265e-08
12.0	1.6065188508742407	0.8331667848727656	0.14700405425323748
13.0	1.0315123721801953	0.2551390187413674	7.108583877240332e-09
14.0	1.015611666484617	0.24340190474268655	3.026311347486276e-09
15.0	0.886403363014859	0.24118331200670828	0.08643223096839388
16.0	0.8329750228049423	0.17098571078710084	6.918227055675396e-09
17.0	0.8151960562195837	0.15205777787417143	3.614222238357962e-09
18.0	0.8054079145119861	0.17493473229664333	3.6142218629390384e-09
19.0	0.8130073657645915	0.19055543246732212	1.4494050908029028e-09
20.0	0.845726622478452	0.20547039586993163	1.320988372357886e-09
21.0	0.9121336034774215	0.22895052186717896	1.3209883601952843e-09
22.0	0.9333295304872985	0.24429229931002305	1.2493280057863935e-09
23.0	0.9075986525924036	0.23869757242518513	1.2493279996842429e-09
24.0	0.9238445535184496	0.2532849995460456	1.249327992932815e-09
25.0	0.8949338772087471	0.25408072130194875	1.2158532473017822e-09
26.0	0.8700049936451396	0.2490082288490605	1.2158532432017457e-09
27.0	0.8721073556160379	0.2589503711060408	1.2158532388398834e-09
28.0	0.8585383734307697	0.2637022639788165	1.196030374784849e-09
29.0	0.8703011366984191	0.26433796765204576	1.1960303716415615e-09
30.0	0.8568213014122951	0.26076111708142724	1.1960303686474958e-09
31.0	0.8500618187318978	0.2582889584290036	1.196030365715001e-09
32.0	0.855502565192113	0.25740349578912525	1.1960303628755478e-09
33.0	0.8503004619369172	0.2551794945604358	1.1960303602342096e-09
34.0	0.8742945393331338	0.2577788908886515	1.196030358675654e-09
35.0	0.8747595944128581	0.25679643985573336	1.1960303567080015e-09
36.0	0.9231346996177259	0.26488041857976763	1.1960303539137781e-09
37.0	0.9386344679711557	0.2748435250846798	1.196030351875494e-09
38.0	0.9358436429563134	0.28059245351527895	1.1960303501596324e-09
39.0	0.9364801514251401	0.2860263989598538	1.196030348827711e-09
40.0	0.9427957781925008	0.2872933570035928	1.196030347504867e-09
41.0	0.9042834244463791	0.2574060627777767	1.1960303451614392e-09
42.0	0.9216487198629966	0.2678147623826355	1.1960303430899449e-09
43.0	0.9129988654876922	0.27152214818575376	1.1960303411721186e-09
44.0	0.9027263219331515	0.27458047372991873	1.1960303392934725e-09
45.0	0.8920323042037712	0.27736547882061474	1.1960303374963475e-09
46.0	0.8797920520779532	0.2793817770412799	1.19603033588821e-09
47.0	0.8674288267725228	0.2811423039307364	1.1960303344857712e-09
48.0	0.8844866913086932	0.29007900886461335	1.1960303328631991e-09
49.0	0.8758182356927909	0.2933345871551209	1.1960303313951157e-09
50.0	0.887315291590359	0.2956705392203914	1.1960303297315051e-09
51.0	0.8775889957123506	0.2984360984158973	1.1960303286828287e-09
52.0	0.8661631591935175	0.3003060559523405	1.1960303278573818e-09
53.0	0.8494559313987287	0.29907009261611195	1.1960303267433544e-09
54.0	0.8583168528533849	0.30081237662867427	1.1960303260388402e-09
55.0	1.2994870708481956	0.9024111309055725	0.07319003215340653
56.0	0.8752220129954973	0.3079096092638152	3.0728762983346595e-09
57.0	1.2542495040586044	0.8881124113011455	0.0643849473722323
58.0	0.8866934070435456	0.31577627737908304	0.00031913646624823786
59.0	0.8700397364082515	0.3143152067553608	0.0003192252027412108
60.0	0.8544820294833307	0.31335689089089613	0.0003177592634680314
61.0	0.8397611823781364	0.3123479400896546	0.00031738409049534454
62.0	0.8275979714340669	0.3100479691414981	0.0003199849589982441
63.0	1.0491461838585785	0.9373715888837906	0.06672281208221728
64.0	0.8328408364632753	0.31348037506611404	0.0002257644088441817
65.0	0.8179667712577172	0.3112123165904237	0.00022640424245141253
66.0	0.8048562729252018	0.3099643624441098	0.00022695870085292645
67.0	0.7919057660888312	0.30784315951504093	0.00022843575766837157
68.0	0.8004741368355763	0.30910058487706094	0.0002300347870851049
69.0	1.0129315241620906	0.9580229573842294	0.06563097269019211
70.0	0.8102324035512575	0.3140554407184969	0.00019052267130925682
71.0	0.7982175571742535	0.3131232912122266	0.00019052374970216542
72.0	0.790564129235112	0.3145775734072417	0.00018910370150581972
73.0	0.9071309444497264	0.9694008115699768	0.06288952017022843
74.0	0.7965077371181408	0.3183281552096944	0.00015212410391300427
75.0	0.7840375877139995	0.3163699619227267	0.00015273757786776388
76.0	0.7797642219708075	0.31926896732127685	0.00015024088184464212
77.0	0.8494728640389028	1.0026617876658381	0.060915526851122566
78.0	0.7846535468470416	0.32257062687058047	0.00011277037501961655
79.0	0.7742978620393755	0.3219841326437687	0.00011293485168550489
80.0	0.7656141206852768	0.3223398853212317	0.00011285191944222297
81.0	0.7593765516271512	0.32121720474298626	0.00011392048435584694
82.0	0.7573622689909424	0.32035756751368205	0.00011480784145828489
83.0	0.7476613079162336	0.3195266233281302	0.00011497457940445103
84.0	0.7385421395724142	0.3189039409400617	0.00011514804542982596
85.0	0.7461078116236939	0.320018800521375	0.00011683470669528417
86.0	0.7891092718716771	0.9654845841357481	0.05249635912618257
87.0	0.7930319488808895	0.9606015620953998	0.04963253476230422
88.0	0.791058917302089	0.335331591347873	0.0001201782351468419
89.0	0.7850324869841262	0.33719268455010615	0.00011994074305150812
90.0	0.7883456713638161	0.33787474313417304	0.00012141422107521479
91.0	0.7796860039119499	0.3378869692536709	0.00012173414604176417
92.0	0.770928103747607	0.3378605962609218	0.00012226946686835874
93.0	0.7640860819389382	0.33895601449617474	0.00012254502888855472
94.0	0.7547320576004183	0.3381087811304174	0.00012309339012204655
95.0	0.7025247819106736	0.9777177883164255	0.04774032152983071
96.0	0.7046305428761193	0.9749493498121438	0.045536844938223645
97.0	0.7783416612125147	0.3542211999409826	0.000206447594608548
98.0	0.768635036536742	0.3533369237083506	0.00020733380168682633
99.0	0.760074659239628	0.3536692871821415	0.00020791515423143405
100.0	0.7518535261239329	0.35385879303179496	0.00020916413347685795
101.0	0.6588395601440277	0.972007062342064	0.0434235534170313
102.0	0.7543454233391449	0.3565990020891445	0.00018395662036194924
103.0	0.7454045047736095	0.3560300326630792	0.00018472406188759977
104.0	0.7367519932373613	0.35558578215503706	0.00018543063476325405
105.0	0.7422728967748988	0.35772282617988554	0.00018803396842056872
106.0	0.6342764510514939	0.9837746530019417	0.041873914802689746
107.0	0.7451943459547727	0.3621140717359115	0.0001759652845566916
108.0	0.7368109853875364	0.3618119370920801	0.00017641512734039983
109.0	0.7293937742977277	0.3623332138536656	0.00017674880580571814
110.0	0.6026323338044121	0.9902605021738797	0.04037282183718555
111.0	0.7315951407404199	0.3656715031947774	0.0001577294849615686
112.0	0.7251318175317971	0.36444203171849054	0.0001589278192535835
113.0	0.7222882142374843	0.3640566360924592	0.00016049997126959723
114.0	0.5932696463637509	1.0011065142529971	0.03915548841996001
115.0	0.7260721400515465	0.37079479255642456	0.00016936533628866607
116.0	0.7192693423469375	0.3706936691376237	0.00017045385803030646
117.0	0.7122035350904736	0.3706206895655184	0.00017127467426851666
118.0	0.5805699485563602	1.0035431340937948	0.037581607787530884
119.0	0.7151064876443288	0.37313524951774774	0.00015709815184715
120.0	0.7192241495992877	0.37493247749865827	0.00015909035382627765
121.0	0.7310748411774673	0.38040471677854715	0.00015774995256343977
122.0	0.723604471395019	0.38102836504827703	0.00015789878378727305
123.0	0.7181507730903531	0.37983514494573656	0.00015905700791908845
124.0	0.7114103048916022	0.37945854188614014	0.00016007015375927333
125.0	0.5627760653838311	1.00729809396919	0.03760506696138216
126.0	0.7110249037780526	0.3837841482271078	0.00015367285894624376
127.0	0.7046927773193818	0.3853222726858592	0.00015347366524695033
128.0	0.5554813071671633	1.0111013046189443	0.03618350479072438
129.0	0.7119749665441926	0.3892237058727883	0.00014440396536017524
130.0	0.7115860718998672	0.38971636797498727	0.00014598537439858573
131.0	0.7199195637144132	0.3897809156261734	0.0001455305723413587
132.0	0.5539125156930218	1.0170972160511818	0.0344467568875039
133.0	0.5540776306012483	1.0152735013432828	0.033431186063692
134.0	0.7251252977978391	0.3976006539028308	0.00017645815868331128
135.0	0.7175908471228036	0.39787405533224746	0.0001765190397281369
136.0	0.5385132597111113	1.0184496716008253	0.03239985248764243
137.0	0.7158836387034498	0.4001603891474561	0.0001728729845083438
138.0	0.7081773779810011	0.40025168132464745	0.00017306315854017973
139.0	0.7005810735317576	0.3996725807537682	0.00017379651390168985
140.0	0.5254415331393286	1.0099871629277304	0.030769479098774727
141.0	0.7001330827569598	0.40496874194645355	0.00020047726408435563
142.0	0.5173173483192595	1.0108262216588968	0.029785088534913354
143.0	0.697989613922566	0.407940942847571	0.00019087681768660195
144.0	0.7029344654166448	0.4083353088161618	0.00018599498974662614
145.0	0.7049956653298196	0.4083959175093568	0.0001871113367081233
146.0	0.7143577085498063	0.41231697319324206	0.0001872736298536626
147.0	0.7178496263771096	0.4141652200160087	0.00018893495862408027
148.0	0.7089065476477908	0.41434424931587677	0.0001891489347516032
149.0	0.7014015366835753	0.4137011388364713	0.00018993896303784422
150.0	0.7055424305211562	0.41637625519196303	0.00018999907469664491
151.0	0.7088360154328418	0.4206776260925487	0.00018881943021406436
152.0	0.7060092827553525	0.42014251168247885	0.00019024607924787918
153.0	0.6985182823466705	0.42040636128259423	0.00019037697106412746
154.0	0.691909595154884	0.42004719950775854	0.00019133801677938576
155.0	0.6906676575326524	0.4201560514974104	0.0001931643081359407
156.0	0.6826824030948326	0.42013099275913535	0.00019332742494897908
157.0	0.6749812054761504	0.4201966997183319	0.00019359609503683315
158.0	0.6679728425890344	0.41993353586651594	0.00019401757427818853
159.0	0.6701168057559235	0.42087797341248595	0.0001962183253917628
160.0	0.669532432642698	0.42108349156029645	0.0001980732858210435
161.0	0.6674414628009481	0.4210677024635292	0.00019980018529780713
162.0	0.6662408263245512	0.42085864736007933	0.00020139914229983674
163.0	0.6596997491525722	0.4203610248672516	0.0002021249233194419
164.0	0.6690224403655611	0.40629516815879374	0.00020883259472759743
165.0	0.5020699056818431	1.004672398183099	0.03243533528101865
166.0	0.6680792633235901	0.41034236516092304	0.0002123292097677399
167.0	0.6681426024420213	0.410058253869328	0.00021384964419414237
168.0	0.6626793142107009	0.4094103009141991	0.00021519579839956603
169.0	0.5179523648850467	1.0322616724858458	0.03365729446352276
170.0	0.5174222207494655	1.0287875267073736	0.032724532396495976
171.0	0.6680280908699183	0.4155824240830925	0.00025461380017696874
172.0	0.6612188529562891	0.4154479095752786	0.00025623751143596094
173.0	0.517197277650138	1.0345200045820278	0.03207055134525956
174.0	0.664551320355442	0.41702501695771516	0.00025295813319307773
175.0	0.6621755163981333	0.41654120624128665	0.00025488035743933494
176.0	0.6596530986940221	0.41625780399177276	0.00025706155760694185
177.0	0.5206988000389958	1.029030570788461	0.03127192676465752
178.0	0.6587892570351276	0.41682672669416626	0.0002534516609417443
179.0	0.6566350958450123	0.4162534671820513	0.0002548530837936791
180.0	0.6552087850021896	0.4157631444614357	0.0002565826276778577
181.0	0.5227240562375536	1.0241590063634176	0.03042182541005707
182.0	0.6579611931618085	0.41755902344798035	0.00025557214086258616
183.0	0.6511542292170435	0.41760175592749416	0.0002562960657565758
184.0	0.5122316425690606	1.0136003222629486	0.0292673993401949
185.0	0.6514196319654496	0.41762574759149107	0.00024434924751135135
186.0	0.6456643907279636	0.4171777290031769	0.0002456850130305159
187.0	0.5071045242754213	0.9971377714721745	0.027598752118771927
188.0	0.5070498713105345	0.9941545723038865	0.026867136485521595
189.0	0.5065844242529952	0.9894215332045951	0.026074506710884304
190.0	0.6414191514067364	0.4481457445909001	0.0005194553721021684
191.0	0.5071661336052283	0.9903507537848906	0.025539111440603817
192.0	0.6413997399835845	0.4481015457199474	0.0004953076149341787
193.0	0.635780259264767	0.44759386442700594	0.0004986267276719158
194.0	0.6316409468903413	0.44757309161453473	0.0005032533800603405
195.0	0.5056441267700398	0.9941390662403278	0.025145812746906877
196.0	0.6321396883790042	0.4504266894177675	0.0005177243716530665
197.0	0.5028525256971768	0.9913069890800604	0.024463632436883317
198.0	0.629451293549622	0.4509074147967933	0.0005068190903199116
199.0	0.6234338245765956	0.4501312140368966	0.000509328113330827
200.0	0.6266035798070753	0.4502406566349817	0.00048096757504551306
201.0	0.6204923485410544	0.45010883164847704	0.00048413566514058504
202.0	0.6239238945231055	0.4497947052979593	0.0004769308066026005
203.0	0.6169897809181043	0.44964808023202985	0.0004788090506602488
204.0	0.6108448993631606	0.44909367546223256	0.00048126862359959403
205.0	0.6067011915914722	0.44898797557105485	0.0004851795823999572
206.0	0.6002874424328671	0.44875008136723105	0.00048790431270893784
207.0	0.5982356438818635	0.44811345696477817	0.0004902478918039857
208.0	0.6003304730777322	0.45002187045397957	0.0004972205130444828
209.0	0.5943182203585662	0.4496517470917891	0.0005000538979843743
210.0	0.5971522901822008	0.4497880391175929	0.0004734965748591091
211.0	0.594229562413765	0.44996799593301534	0.00047803845357889164
212.0	0.5927477539137131	0.45036429072047923	0.00048304921564825006
213.0	0.5886692382409304	0.4501606522368901	0.00048667259502079084
214.0	0.5830585561181568	0.4497886223276977	0.000489634588769751
215.0	0.5776704149786257	0.4501911904764775	0.0004908137130467395
216.0	0.5782177205584696	0.4516102294329117	0.0004984049882627386
217.0	0.4733949338055441	0.9705150619283185	0.022862729599491215
218.0	0.5764151003278384	0.45253890761027193	0.00048494200926652855
219.0	0.5724524475234695	0.452350732482309	0.000488455501620393
220.0	0.46835111002530855	0.9707154075337431	0.022376865542860995
221.0	0.5679595518422019	0.4540271527056603	0.0004971871974041522
222.0	0.5638935354396204	0.4542600603642566	0.0004976966864782074
223.0	0.4639773983123929	0.9741496419061944	0.021922819364327543
224.0	0.5610606075715503	0.45460238792966207	0.00048211262505211796
225.0	0.5575902046242264	0.45443322056498126	0.0004857263761166213
226.0	0.559623155523321	0.45511020294985194	0.0004662121239166976
227.0	0.5606635727498865	0.4554126843211601	0.0004695776555123168
228.0	0.5587063485545727	0.4552502576535541	0.0004727959596837343
229.0	0.5620941599754122	0.4558001720004019	0.00047496563798860486
230.0	0.5565574666815114	0.4554382281478183	0.00047704248804983216
231.0	0.5529912398702587	0.4552875138803332	0.00048035212468978294
232.0	0.5476368191598603	0.4550240538320511	0.00048270834474261937
233.0	0.5480442526196645	0.4551664138226599	0.0004864947128015097
234.0	0.5442094488234364	0.45494602383019034	0.0004896908828481965
235.0	0.546276606818485	0.4552029055854838	0.00046679238403702516
236.0	0.5411850965137657	0.45486649017630965	0.0004689242027554993
237.0	0.542593154160369	0.4560719228449158	0.00045783432546058286
238.0	0.5442909270972964	0.4580603454257107	0.00046597868668032906
239.0	0.5432232442232728	0.45861030859781704	0.000470876550330599
240.0	0.5395337269403854	0.45835713487198354	0.00047389389514940216
241.0	0.5393899252015528	0.45934930736424484	0.00047995687470522977
242.0	0.5364087042928564	0.45957820483499956	0.00048443889284644723
243.0	0.538265775446944	0.4599468747426282	0.00046394311001284104
244.0	0.534510114964107	0.45937496857311605	0.0004658640313392865
245.0	0.5311578474454186	0.45936342972327543	0.000469899215019435
246.0	0.532838269525187	0.4598596260621044	0.0004574638183786551
