Iteration	GP_regression.Mat52.variance	GP_regression.Mat52.lengthscale	GP_regression.Gaussian_noise.variance
1.0	0.9658089929130904	0.498528407644045	1.1858806406788036e-09
2.0	0.9658089929130904	0.498528407644045	1.1858806406788036e-09
3.0	1.1065644658788116	0.7759183720584748	1.0000000000003936e-09
4.0	1.0068420414482522	0.3967393496353786	1.0999999971440215e-09
5.0	1.0213818962464059	0.5096839085532034	1.0999999968130442e-09
6.0	1.1282377991188577	0.6058017012209929	1.0999999960416144e-09
7.0	1.1927731259766203	0.6658777093993192	1.0050666936711955e-09
8.0	1.2630751315717201	0.728221667473997	1.0000140530987675e-09
9.0	1.210706828170412	0.7287005555382371	1.0999999969259929e-09
10.0	1.3030385828201205	0.7212879465912361	1.0999999946259049e-09
11.0	1.3070322094262121	0.756357997085717	1.099999994951472e-09
12.0	1.2596749189244083	0.6756506603523333	1.0999999965743375e-09
13.0	1.4572002752612891	0.7657485643869606	1.068398020814324e-09
14.0	1.3761026278402	0.7140580016262021	1.099999994503929e-09
15.0	1.3155213173279776	0.6457028872377654	1.0999999980155455e-09
16.0	1.4932757575481377	0.7047588520426608	1.0999999948217192e-09
17.0	1.7031233176487381	0.7939343795743583	1.0122615734376042e-09
18.0	1.738770011840232	0.8692268732065039	1.0268434197672573e-09
19.0	1.6592685132925844	0.9066025224935086	1.02674856264141e-09
20.0	1.5141487659299147	0.8936045991152184	1.018236361069835e-09
21.0	1.5050878464269537	0.8891512875826787	1.0275340469870915e-09
22.0	1.4250794777974003	0.8996455648105116	1.0505791554509255e-09
23.0	1.3359206952322376	0.9020561554334465	1.0223083850389582e-09
24.0	1.3077282479637595	0.9008263840956892	1.0402062942848902e-09
25.0	1.2286369733264446	0.9062295293266596	1.0272336792432232e-09
26.0	1.2847957134692927	0.8857044861082083	0.000724349409974705
27.0	1.3212381527940142	0.919941886732236	0.000656086195189083
28.0	1.2521603276226743	0.934630380169435	0.0006407492789421168
29.0	1.1824484828653807	0.9187209215021166	0.0006461349450700572
30.0	1.1220066575832188	0.9186985022041818	0.0006427322108324069
31.0	1.0621752780854627	0.9185803712919263	0.0006259524077131338
32.0	1.1001038168568624	0.9047108624759201	0.001980027430960366
33.0	1.1073324665622888	0.997753369309641	0.0075858098877056804
34.0	1.1317805782045847	1.0218704311769344	0.0071217932942762045
35.0	1.148556592444343	1.0113720458049962	0.005831575315272709
36.0	1.0875451465436101	1.0121584869974074	0.005870917277527662
37.0	1.0388237246485739	1.0183554917216062	0.005917240628193408
38.0	1.0593563761401772	1.026247168303292	0.005247531293064831
39.0	1.0772484323931981	1.0186089192536034	0.004479996764778526
40.0	1.0962222773544636	1.0111253692037896	0.003850149373355861
41.0	1.1155572619892054	1.002932916668063	0.0037077159611057123
42.0	1.1356433372412453	0.9922620417723147	0.003600952577343786
43.0	1.0813967557607485	0.9974087423673837	0.0036955316337296987
44.0	1.0422045356406704	0.9943347182021601	0.0037750012507524033
45.0	1.061648210790417	0.9840253921915467	0.0035284094586644113
46.0	1.0821856954518867	0.9705983319305918	0.0030561607819615012
47.0	1.1241174988174167	0.6407205759220608	0.00037794493605232345
48.0	1.0860880586070416	0.6453274325910084	0.0003714527070460946
49.0	1.0496209295118513	0.6427725624096695	0.00037596077813720533
50.0	1.011642953486215	0.6413737710722744	0.000379196626971876
51.0	0.9329918578257157	0.9666131269108159	0.0031887365936775665
52.0	1.0046884081648848	0.6315608519528051	0.0005104964635548866
53.0	0.9774159711308954	0.6299442842599154	0.0005182526349476021
54.0	0.8848614363751675	0.9643704671253391	0.0038306792808513097
55.0	0.871406197953012	0.9744393567228977	0.004031555152554978
56.0	0.9481873703404968	0.6246933897719517	0.0004674537943168751
57.0	0.9860049240564761	0.6002899947727772	0.00039134225559162033
58.0	0.9547592376940689	0.5997426344532235	0.0003908202558920146
59.0	0.9252744851055614	0.5967530214505818	0.000392649724918614
60.0	0.8989346962769336	0.5940324594297757	0.0003939453202255292
61.0	0.8924816282586979	0.5999399519063824	0.0006605594512098967
62.0	0.8669457224981855	0.5985903294381879	0.0006725097245588495
63.0	0.8418528193162857	0.600195550889179	0.000682919080160677
64.0	0.8187523560734056	0.6000863462956163	0.0006945253097432763
65.0	0.7943479955343573	0.6039041544220657	0.0007137366701062369
66.0	0.770608642056666	0.6040176590318789	0.0007141833535444415
67.0	0.7787930741050946	0.6174640829573164	0.000704776105030696
68.0	0.7574514723008102	0.6161999803167113	0.0007146636687744994
69.0	0.7372242722052814	0.6180307354282243	0.0007221241555065705
70.0	0.7146924178857286	0.6196075492099584	0.0007305172294180832
71.0	0.6982848082692368	0.6184015951447962	0.0007408442650140677
72.0	0.6821986419517571	0.6168995517610177	0.0007491592859247063
73.0	0.6663596340185292	0.6143623071819978	0.0007592020540708312
74.0	0.6516681830465122	0.6128624073582363	0.0007706292387641325
75.0	0.6353283816773244	0.6123972986961767	0.0007810310080699363
76.0	0.6458883540127502	0.6099563155422634	0.0008804230906075026
77.0	0.6362624684728112	0.608868366372975	0.0008960547638190263
78.0	0.6451963430414995	0.6094063913752268	0.0007926200351709733
79.0	0.6546048080916897	0.609336453876236	0.0007134975633071838
80.0	0.6411062679616353	0.608174919593599	0.0007220377965786014
81.0	0.6493974538856766	0.6121710556933815	0.0007572681285131181
82.0	0.6570310780714671	0.615595762602802	0.0007042038403356964
83.0	0.6657408232085196	0.6180248284912674	0.0006717442820112139
84.0	0.6742895662016491	0.6201911997589381	0.0006212387029154351
85.0	0.6821194193706173	0.6239300328694968	0.0005914135686961107
86.0	0.6910773435156309	0.6254928348675974	0.0005517400639844626
87.0	0.6741772106520261	0.6252644529962273	0.0005550377382169889
88.0	0.6829045464043247	0.626774816926258	0.0005196147813264502
89.0	0.6639960044344824	0.6257339155950941	0.0005219940223895885
90.0	0.6518516227262676	0.6251937853559397	0.0005259427448761468
91.0	0.6600305865392038	0.6267071290939117	0.0004938467028298428
92.0	0.6440939884610951	0.6256323946955257	0.0004972724264262613
93.0	0.6365469286711729	0.62426093005679	0.0005026597776062228
94.0	0.6421923827490006	0.619126594352934	0.0004958700158072342
95.0	0.6260067554482077	0.6189639367772617	0.0004985115909713694
96.0	0.6127507307714409	0.6176590534239461	0.0005023593019461999
97.0	0.6036785733434641	0.617579541890021	0.0005086387544498232
98.0	0.5901630315236491	0.6171668476662886	0.0005102595124569441
99.0	0.5891228540813966	0.6176974824468489	0.0005192797713142639
100.0	0.5749250418981462	0.6171282015361801	0.0005213477849501504
101.0	0.5801769671800475	0.6209665680761876	0.0005400696431668129
102.0	0.5888771345828504	0.6210966899810199	0.0005446871923020992
103.0	0.5771426232698308	0.6199871772546424	0.0005465158666768578
104.0	0.5654212271729812	0.620117750646574	0.0005490428843561527
105.0	0.5573649403665881	0.6195900744220759	0.0005552121918796395
106.0	0.5564982780203038	0.6220852443357561	0.0005662784672514332
107.0	0.5466742073692019	0.6212560907602876	0.0005710504262948859
108.0	0.5455303971026875	0.6197127709560138	0.0005788895126369692
109.0	0.5367762477564277	0.6192873177794779	0.0005842618061873944
110.0	0.5284840761086054	0.6188269502570867	0.0005897177295042518
111.0	0.5175841963810024	0.6185387922889367	0.0005926200519489016
112.0	0.5204762605430588	0.6200489391886442	0.0005994129079275406
113.0	0.5123308083671146	0.6193629746257552	0.0006045444427905702
114.0	0.513027005980695	0.6195583067819116	0.0006082260992738668
115.0	0.5035441994399259	0.6192638376461989	0.0006122402154836067
116.0	0.4982436388006848	0.6191013264875784	0.0006197459762039016
117.0	0.49725942921409844	0.6195148678643673	0.0006277533047564158
118.0	0.4896026768396442	0.6191206680915677	0.000634110545307707
119.0	0.48385750882516143	0.6194343355123088	0.0006423278499439006
120.0	0.5023012362222948	0.6184392544601702	0.0006323382440305812
121.0	0.5020982330277777	0.6163134637095145	0.0006347803673973719
122.0	0.5061615068398382	0.6179048559443467	0.0006392125574916899
123.0	0.5214079133345879	0.6165969616192494	0.0006194789775422246
124.0	0.5245755289273211	0.6186100368533822	0.000592520211037612
125.0	0.5271387771071314	0.6159081136938631	0.000591985262121355
126.0	0.5303322755131918	0.6178467051117119	0.0005589888450594718
127.0	0.5335554085919381	0.6206097529861034	0.0005524806279561338
128.0	0.5369484330917056	0.622590228508339	0.0005246996624231732
129.0	0.5406800206043687	0.625406371426295	0.0005287463482668603
130.0	0.5449181844149702	0.6268227421331191	0.0005069386051384196
131.0	0.5488882664537782	0.6282812729893837	0.00048190282103352874
132.0	0.5518077933332276	0.6311461178254697	0.0004668214025666346
133.0	0.5551746828760471	0.6333677670002877	0.00044942012917059036
134.0	0.5591128524303514	0.6357807387705545	0.0004553743345106064
135.0	0.5634431453776982	0.6372019383747987	0.000444478067080961
136.0	0.567923994533765	0.6385126914873513	0.00043175846350791496
137.0	0.5725875035757172	0.6399381607410739	0.00042117873317574865
138.0	0.5750417603687364	0.6432818407557422	0.00041938345135372274
139.0	0.5775131882136546	0.6527349675510075	0.0005200403572514769
140.0	0.5815062619096988	0.6542903911350443	0.0005016336544478605
141.0	0.5857309594167127	0.6556893730309709	0.00048427268581678645
142.0	0.5897624507594821	0.6571040928711901	0.0004679168798728828
143.0	0.5929308578388794	0.6595324267110488	0.0004625245037436678
144.0	0.5971079472063662	0.6607473474099512	0.0004474497394959222
145.0	0.6011878351620905	0.6620445857895325	0.00043370790718375734
146.0	0.6039191922730583	0.6660227191251441	0.00044441353646358834
147.0	0.6081539918971575	0.6671374905137026	0.00043120819268821964
148.0	0.6123733248814317	0.6682677653907486	0.00041865090487983205
149.0	0.6166197155027292	0.6693656865912898	0.0004067525510041706
150.0	0.6208144810308949	0.6709710492331612	0.00040435879552244914
151.0	0.6251248492331348	0.672363477167555	0.0003994848837099647
152.0	0.629483951250738	0.6737709965696019	0.00039501872872922894
153.0	0.633841391185877	0.6747634957046736	0.00038481559636210715
154.0	0.6375864206034089	0.6767619424579002	0.00038169550785881873
155.0	0.6420371987064422	0.6777141739579935	0.0003734625929722391
156.0	0.6465202823946372	0.6786556152320115	0.00036589533495147165
157.0	0.6509110866145983	0.6802005750495468	0.00036554097459275586
158.0	0.6552180517447247	0.6812371699981012	0.000357699529826234
159.0	0.6585762480751803	0.6840028070294547	0.0003614674449752931
160.0	0.6622372187457226	0.6863493621501162	0.00036279918056498855
161.0	0.6664780478201764	0.6879947567969487	0.0003640562933287034
162.0	0.6709821485640493	0.6888340286974086	0.0003569554275074631
163.0	0.6753878326453501	0.6897446999744117	0.00034996289516810923
164.0	0.6799013914198369	0.690712385744012	0.00034566191236911974
165.0	0.6841958201884155	0.691806183743602	0.00034025759713993657
166.0	0.6887676290167034	0.6925435825293595	0.0003342889836808559
167.0	0.6933650317477585	0.6932637900859289	0.0003287752638196949
168.0	0.6899154918063618	0.6918274386305255	0.0003307663528753745
169.0	0.6781782963880831	0.6908427163177647	0.0003312053584434351
170.0	0.6824891369025404	0.6920427469456653	0.000329953205358815
171.0	0.686615393283952	0.6939527983381674	0.00033456772116905245
172.0	0.6715996124065072	0.6932745620909777	0.0003331949281300192
173.0	0.6580781026404808	0.6928892340910049	0.0003322096254786399
174.0	0.6621509705447117	0.6937152572862237	0.0003266068538740476
175.0	0.6506938451095473	0.6934793048138925	0.0003262762644453523
176.0	0.6371437998035118	0.6930091820742491	0.0003249719956118702
177.0	0.6408323861003301	0.6941190183001398	0.0003213621533064614
178.0	0.6448161720068073	0.6948504966522273	0.0003157487572117826
179.0	0.6488656441117491	0.6955528730010335	0.0003105816781086566
180.0	0.6368128455074727	0.6952264060376949	0.0003098939485104813
181.0	0.6250439400629567	0.6949284175142726	0.00030932543219296414
182.0	0.6288650095718731	0.6956461912473539	0.0003040844405665258
183.0	0.6179602126843691	0.6954264418265211	0.0003037318770773924
184.0	0.6214189554740022	0.6965637569135702	0.0003009259203776063
185.0	0.6154744228541946	0.6971092557588501	0.0003024095199492714
186.0	0.6189007174246872	0.6982255795316226	0.00029963907214110226
187.0	0.6220801596435173	0.6998569385236624	0.00029992427887593506
188.0	0.6177031613553069	0.700846084251811	0.00030167429282414035
189.0	0.6077276887344819	0.7004768934599649	0.0003017745978737549
190.0	0.6138161867211223	0.6931962120628049	0.00029969976462432024
191.0	0.6172639472106977	0.694069627005128	0.00029563529655700913
192.0	0.6208522483411208	0.6947527163752748	0.0002912261941508649
193.0	0.6237624822075234	0.6967405917021535	0.00029373171152953525
194.0	0.6267470641339026	0.6986311041987088	0.0002960170969161245
195.0	0.6303149171997956	0.699338386217451	0.0002922570980728142
196.0	0.6330401999488156	0.7021907650692364	0.0003051735280829779
197.0	0.6365133518589565	0.7029859251495479	0.0003016152712312842
198.0	0.6395172308769135	0.7052963204826583	0.00030977845559581853
199.0	0.6422166807795139	0.7074487943618986	0.0003170239412710644
200.0	0.6457312443221854	0.7083594948196831	0.00031450320472906854
201.0	0.6334714051263947	0.7080386127811821	0.00031335428680462346
202.0	0.6368546016272075	0.7091417974353958	0.000312087234157154
203.0	0.6364653466854187	0.7046316503828016	0.00031234206925937234
204.0	0.6398255351375752	0.7053540979998638	0.00030911692219006293
205.0	0.6430303588492621	0.7069582991441659	0.00031187973099985184
206.0	0.6457568593134791	0.7085838520532342	0.00031691430902899625
207.0	0.644618942563296	0.7092368119239636	0.0003180416221688671
208.0	0.6361722813676962	0.7087789017058322	0.0003184987411419516
209.0	0.6278340775226896	0.7075193873660064	0.0003188615158205991
210.0	0.6310840389719715	0.7081873601899222	0.0003154085609999573
211.0	0.6282339899104388	0.7070546269457316	0.00031622838084757174
212.0	0.6269825836118162	0.7069724102444972	0.0003175086771472819
213.0	0.623447936265225	0.707809924224745	0.0003191620439086759
214.0	0.6266226941300429	0.7084354887910961	0.0003154439193955981
215.0	0.6225368822760741	0.7092248248114472	0.0003169831786753737
216.0	0.6221427036324121	0.7095281688470185	0.00031838640344355275
217.0	0.6164463720644802	0.7090025614642831	0.00031918190213354466
218.0	0.619398346345733	0.7102492393921942	0.00031893702197383154
219.0	0.617726669403617	0.7108156175996571	0.000320341510863583
220.0	0.6108115393857557	0.7100386558537397	0.0003208078213320714
221.0	0.6010581133815719	0.7095760525097583	0.0003203000723930516
222.0	0.5986207080406333	0.7094409826925289	0.0003215713717400625
223.0	0.5967031025531406	0.7106022064967598	0.0003233449525766967
224.0	0.5995520788756749	0.711201691119348	0.0003199288101857556
225.0	0.6062494615218802	0.708477535417086	0.0003194605472334229
226.0	0.6069169466851533	0.7095972216672759	0.0003212350745961345
227.0	0.6096892115341105	0.7088448868018691	0.00032257181853224894
228.0	0.6085129453383886	0.7103990612133858	0.0003245313754488842
229.0	0.6112978419563843	0.7108979478055805	0.0003209492165191362
230.0	0.6036711839934054	0.7101361645095575	0.00032107449652946833
231.0	0.6068091884425468	0.7085473940811542	0.0003232365777592164
232.0	0.6037246386529899	0.7095206633301904	0.00032479449021992286
233.0	0.5972718421060687	0.7089459593783661	0.0003254316691456018
234.0	0.5913050483763045	0.709046373756763	0.0003260692745741559
235.0	0.5895188981539936	0.7096620009758474	0.0003278717087721652
236.0	0.5894840377919836	0.7093951727082606	0.00032882261151828506
237.0	0.5857474864683488	0.7083880468824373	0.00032913772783742717
238.0	0.5790114815018328	0.7082359834414449	0.0003294083008679698
239.0	0.5754424881906588	0.70857613652874	0.00033025020507639584
240.0	0.5715707817921519	0.7089833854879322	0.00033131336755463014
241.0	0.5679454173377031	0.7094748326203111	0.0003325491825619925
242.0	0.5719727357152853	0.7082377870332688	0.00033349348022758147
243.0	0.5643215882548009	0.7077735867697279	0.00033329182819617407
244.0	0.5575803591764037	0.7072194917625044	0.000333488578902888
245.0	0.5611077485956625	0.7101089837636667	0.00033368500048391056
246.0	0.5568678703928653	0.7097252884158608	0.0003341869926000529
