Iteration	GP_regression.Mat52.variance	GP_regression.Mat52.lengthscale	GP_regression.Gaussian_noise.variance
1.0	1.000000086697148	0.01244690908782004	7.566764382676005e-08
2.0	1.000000086697148	0.01244690908782004	7.566764382676005e-08
3.0	1.0004499126906308	0.21850838948710907	0.00042200627219002117
4.0	0.9165117147540045	0.5029142818145343	2.6664332005389467e-09
5.0	0.8363292146699517	0.36775230389798363	2.6664332011014283e-09
6.0	0.8670575714863621	0.47752551431817963	1.714197079599049e-09
7.0	0.8997444378037036	0.4025014025505171	1.0000034136356246e-09
8.0	1.0226940477879203	0.5294043986157665	1.0999999984763715e-09
9.0	1.1196455517029815	0.6256387742118155	1.0999999987425044e-09
10.0	1.2574874455458853	0.7412177139329476	1.0999999969665905e-09
11.0	1.3848249763800002	0.8537647765243526	1.0999999978794687e-09
12.0	1.2015799629285033	0.6286982288280918	1.022648467159713e-09
13.0	1.2273262560511236	0.7033051480134309	1.0999999959268013e-09
14.0	0.9704017366231809	0.5252342252428804	1.0999999991262246e-09
15.0	0.9492000037457451	0.5181432007111535	1.0999999997517432e-09
16.0	1.0187565130153882	0.576395861024963	1.0999999978663456e-09
17.0	0.9203707411420732	0.5214463098382294	1.0999999992767508e-09
18.0	0.9220359418917651	0.5123623743627058	0.0023995244001414904
19.0	1.022089253494575	0.6956853064092763	0.04410469831776157
20.0	1.0187528700604318	0.6726509210786065	0.04288092372538335
21.0	1.0467932638813202	0.6663185205092386	0.03508583085865359
22.0	0.947878550856756	0.36526836589540296	1.0229935012899893e-09
23.0	0.9710260670162549	0.3439734426134333	1.0641551772847697e-09
24.0	1.0963136955152337	0.6272802448775653	0.03796819090129451
25.0	1.1278251943768134	0.6108296697804276	0.03135486829003986
26.0	0.9055858542279047	0.30321109058665985	1.4342272940412668e-09
27.0	0.9087213555841376	0.3026192821255826	1.0233127668855068e-09
28.0	0.8753685140184339	0.29800653101552016	1.09999999032393e-09
29.0	0.8902953527282718	0.308831962691936	1.0177177921388957e-09
30.0	0.8851089401537545	0.30683421880480444	1.0705094957597242e-09
31.0	0.8807387987362879	0.3124831801807804	1.0803650048840117e-09
32.0	1.2315713620024673	0.697715275763153	0.028090024125431674
33.0	1.284296332834677	0.7736322294631732	0.028879594755753538
34.0	1.2243560983880908	0.7701789430448153	0.02932274739286645
35.0	1.2130351317222305	0.8176765899640757	0.030049956622680868
36.0	0.8530370769508009	0.33332231655818895	1.0444598756965155e-09
37.0	1.208877691663383	0.8156631623330388	0.024468289957456025
38.0	1.2388104162592355	0.8251314663600033	0.022430381690013962
39.0	1.1999624953683152	0.8466334012088543	0.022921958464224602
40.0	1.2183437666531678	0.831515804187306	0.01976254096197806
41.0	1.2338026457078632	0.8109656157169263	0.016934005316434977
42.0	1.2095557579703238	0.8512344343683872	0.01751925578214359
43.0	0.8613338952614212	0.28169009450407356	2.0191120485226038e-05
44.0	0.8792297756813161	0.2891795999136792	2.4712428151133545e-05
45.0	0.8783286291783855	0.288532317718751	2.548654459677568e-05
46.0	0.8863320581651859	0.2888337290355303	2.6299465087777268e-05
47.0	0.8709818520048852	0.2856647242182796	2.632803587972262e-05
48.0	0.8650498011644078	0.28391908360225554	2.694703554333225e-05
49.0	0.8486324460287225	0.28105293552024135	2.6739868703591496e-05
50.0	0.8431012061553813	0.27951784782514844	2.7341908178477596e-05
51.0	1.4194881461030093	0.964320916720186	0.02279493968836706
52.0	0.8623807054387832	0.27972693789136815	1.7800333343646793e-05
53.0	0.8549903219149336	0.2781064244991132	1.8191955504512998e-05
54.0	1.4456326039206742	1.0082156199102696	0.023363206313409633
55.0	0.8650706122325031	0.28642113351404136	5.253107286472509e-05
56.0	0.8505550080201354	0.28351417500128484	5.282236525485046e-05
57.0	0.8392686700592483	0.2842115762475693	5.199957017399212e-05
58.0	0.8234396142929657	0.2816090274624894	5.213228916617809e-05
59.0	0.8590254414366476	0.28673304989015963	5.113121680311674e-05
60.0	0.8699699414120835	0.2922450652194379	5.365964765368325e-05
61.0	0.8840694951740119	0.299096767003848	5.7332594988158635e-05
62.0	1.4338163509920774	1.0298898595394657	0.02776840575898695
63.0	0.9167259348381204	0.3070775996150067	6.353384564820019e-05
64.0	1.389095012281875	1.0803841147688293	0.031693687106238703
65.0	1.3736465514525176	0.9782799960959773	0.026490201260849725
66.0	1.0031141182959828	0.36498560081187076	0.0002869674656243983
67.0	1.3222470865356093	0.9315910875924008	0.023137024244402594
68.0	1.3105396946628056	0.8183786969648389	0.016635794086913753
69.0	1.011197288617142	0.34628467461404605	0.0001016604427761804
70.0	1.0037719234750484	0.3388946524679959	7.830454035017598e-05
71.0	1.320612661657621	0.7556506147948417	0.013285759485462793
72.0	1.276739514562676	0.7752371047143815	0.01405185739124272
73.0	1.0364977129747113	0.3654833159362109	0.00017985887785042148
74.0	1.0190719169232358	0.36587535478635597	0.00019083379490504934
75.0	0.997385226608863	0.36226629170285	0.0001848169927666088
76.0	1.1537707613839032	0.715293317979076	0.011311220260339601
77.0	1.0106417217203605	0.3785751939941855	0.0002659881735379229
78.0	0.9943614162101297	0.37871848310986417	0.00026711746005922404
79.0	0.9768956347604887	0.37674374071358924	0.00027037222313089116
80.0	0.9655402532910478	0.3796428485736302	0.0002848739103916262
81.0	1.0901549831877948	0.6713262153426118	0.008216641719466735
82.0	1.0627888914520982	0.6760570382102582	0.008494918985151092
83.0	0.9863258977559529	0.396836128705563	0.0003145849709281401
84.0	1.0410121140698698	0.6650360505505931	0.007399251396702169
85.0	0.9867048221719423	0.3991816714175559	0.00028424347699380025
86.0	0.9715164644782115	0.3997118500526932	0.0002904825278457132
87.0	0.9598698453279781	0.40232727661075773	0.00030034712851636646
88.0	0.9593754809891883	0.6724910264143616	0.007212986666608732
89.0	0.968921326643882	0.6674500727516859	0.006543534705210615
90.0	0.9523131370752675	0.6701818486537111	0.006759586527497039
91.0	0.9672746489591234	0.42129194039455975	0.0004143040009005812
92.0	0.9520609989827091	0.42183377371994507	0.0004231530945315752
93.0	0.9108101989301651	0.6727558319071617	0.006496188082412053
94.0	0.9551305537760848	0.44482608966619674	0.0006138870645537727
95.0	0.8989149149670999	0.6606899137198954	0.0057744096635251214
96.0	0.9516810503642124	0.45231973903500505	0.0006540297107172378
97.0	0.9361585618953623	0.4542490204988203	0.0006822825231428591
98.0	0.8646973146118636	0.6502404726715691	0.005237365813854782
99.0	0.9314693603237165	0.4465901083391874	0.0005465988842225384
100.0	0.9176396377178625	0.4511220482654671	0.0005717309718956252
101.0	0.9024247868228553	0.453416537843706	0.0005971710551245289
102.0	0.8122509105993226	0.65575589970494	0.005106349069379179
103.0	0.7950647540776937	0.658692614418451	0.005289644122437328
104.0	0.8864134622902258	0.4474193088342093	0.0005030621514046777
105.0	0.8729566061148588	0.4510079754835919	0.0005221590353539236
106.0	0.7685470914239767	0.6605074856575703	0.005032143882792751
107.0	0.8681664483799518	0.4614563290434559	0.0005886134500426824
108.0	0.8539402807546519	0.46263983786473706	0.0006083447377316576
109.0	0.7428470842511365	0.6591415406620743	0.004757677046861051
110.0	0.7502493958698193	0.6571482595173701	0.004466142291911933
111.0	0.850213444265716	0.4843329674449146	0.0007627187355189317
112.0	0.8347381287042275	0.48622425562103655	0.0007982000829901125
113.0	0.730628116174731	0.6548794850778604	0.004231718988103698
114.0	0.8286734550748597	0.48901198548079877	0.0007911717190575834
115.0	0.8148496014908284	0.4917541513590112	0.0008301351834251612
116.0	0.7048124590455581	0.6586259824572379	0.004154915317576588
117.0	0.8113681078840124	0.487478169215234	0.000726821513545541
118.0	0.7943749082066988	0.4925213717243815	0.0007724831948817633
119.0	0.6789567506830259	0.6574251613467565	0.003946613984237836
120.0	0.7891847602811789	0.492081887814946	0.0007278016123800562
121.0	0.7793597273083429	0.49243184624203695	0.0007498259518756298
122.0	0.771742490672109	0.49237708343985254	0.0007645216948525808
123.0	0.6631407245954573	0.6578283092554457	0.0039005533679702725
124.0	0.7664207753191231	0.49602307144238683	0.0007740283619896897
125.0	0.750362105761704	0.5000002004853141	0.0008173243955573642
126.0	0.640620194159852	0.6633439714828353	0.003881739013863388
127.0	0.7512840794427105	0.4930394864661261	0.0007018051675048535
128.0	0.7355684524314301	0.4976850330508187	0.0007425121703718425
129.0	0.6169133639809793	0.6633817694872907	0.0037221696906226194
130.0	0.7331018638352058	0.49507419600184066	0.00067000432946677
131.0	0.721044741356663	0.4963995517561964	0.0006867519166919853
132.0	0.7053948159633735	0.5005489001513954	0.0007227654217703833
133.0	0.59497306904831	0.6709876056556661	0.0037690139127174137
134.0	0.7119295066878675	0.49940969866106316	0.0006782214513121152
135.0	0.7019198585371319	0.5014150639565754	0.0007073200795743519
136.0	0.5807992540337233	0.6742571847066198	0.0037217422398933917
137.0	0.5861712897105621	0.6722331101283133	0.0035362078647824388
138.0	0.6982532532126288	0.5094916439898223	0.0007363790706337123
139.0	0.6885978673508728	0.5120893415210888	0.0007686845852153358
140.0	0.6914617596930793	0.5163486626288996	0.0007613612238286194
141.0	0.6779178089580802	0.519732137981797	0.0007896654360540115
142.0	0.6680856342559762	0.521089649404991	0.0008126913470321601
143.0	0.5646834666339201	0.6812619313776742	0.003536346465909012
144.0	0.6715210208476411	0.5205050432659779	0.0007789213191347147
145.0	0.6591463663818242	0.5224446409471679	0.0008042631476393311
146.0	0.5474892977818285	0.6817697710112748	0.0034467460747823913
147.0	0.6571157515255938	0.5190567365085357	0.0007321667728544753
148.0	0.6453539045377324	0.5211453201825136	0.000755963592992153
149.0	0.5321916280391464	0.6804851901137482	0.0033125913058939475
150.0	0.6391500699727647	0.5234862009901629	0.0007493921075718865
151.0	0.6519944506423034	0.5154635005651019	0.0006571807416162592
152.0	0.6496481746937772	0.5153824449316518	0.0006674859923500909
153.0	0.6415784581995116	0.5159226271297234	0.0006797701774211
154.0	0.638746878809949	0.5179461990307348	0.0007012815918317718
155.0	0.6307538337622892	0.5188893144645672	0.0007188595632447684
156.0	0.5167903431705639	0.6915547945792072	0.0034539493625359405
157.0	0.6292029898765598	0.5174854798888588	0.0006655392521011349
158.0	0.6210435478176443	0.5182752782885597	0.00068129537431167
159.0	0.6108389257058868	0.5200941596503686	0.0007001742247074237
160.0	0.5000772315883004	0.6969109249400448	0.003499287611428898
161.0	0.504864651715582	0.691839630494904	0.003282338179633426
162.0	0.6112284467754276	0.5240740102962732	0.0006955356101422799
163.0	0.6027637963671626	0.5250497481611297	0.0007113975565347291
164.0	0.5946483530684847	0.5260990029466881	0.0007283105365279239
165.0	0.49366551826502564	0.698416664946117	0.003349296652857667
166.0	0.5988898971364676	0.5243767423289228	0.0006837006989656529
167.0	0.5928400389901823	0.5256224029848744	0.0007018067859645068
168.0	0.4874071457510247	0.7003916257202992	0.0033063916900692185
169.0	0.5884926675999992	0.5277349550567426	0.000706186048979032
170.0	0.4882401284981292	0.7014232134331254	0.0032257705100477026
171.0	0.5889774531825214	0.5281634207561003	0.0006906768249645911
172.0	0.5805545518296066	0.529313041050139	0.0007068885433145579
173.0	0.47747822992603367	0.7030201113825855	0.003188490218607955
174.0	0.4878738168105018	0.678595268520949	0.002740510697009674
175.0	0.5774613576073022	0.5333321016449292	0.0007014975549606288
176.0	0.5703906391566695	0.5346059918370308	0.0007198106988308461
177.0	0.48201784171706263	0.6806301685207762	0.002712375394897596
178.0	0.48687071124991044	0.6757182432280537	0.002585926705190812
179.0	0.49314887927853457	0.6666377898739575	0.002407249741260747
180.0	0.49910514790042376	0.659016736447371	0.0021977408490102
181.0	0.4941164008840985	0.6639654620242252	0.00228932157104929
182.0	0.49123496284261536	0.6706715563488829	0.0024059088949068166
183.0	0.48940475993486493	0.679885801421227	0.002586222920662457
184.0	0.49025322356042983	0.6855215822431104	0.0026908247031905814
185.0	0.4939269616770023	0.6821165995992245	0.002546707448569394
186.0	0.49812295933551926	0.6776856184871216	0.0023864068148667372
187.0	0.4921914288066189	0.6806449861636065	0.0024376015328753833
188.0	0.4912539803624489	0.6880710690271357	0.0025537677215309194
189.0	0.49515971581772	0.6839573450720979	0.0024021365032425176
190.0	0.4995541147395023	0.6787013999275514	0.0022431428927772606
191.0	0.5788216327038588	0.5415247912613901	0.0006379887364921734
192.0	0.5784938350542619	0.5450425536268295	0.0006625888989708536
193.0	0.5839685378759989	0.5407043377745859	0.0006408634231328283
194.0	0.5810966297710951	0.5451734161656369	0.0006719323324389894
195.0	0.5053880600316925	0.6770395669624057	0.002226742948931668
196.0	0.5036218635835223	0.6842183689908223	0.0023362432555146524
197.0	0.508034724359715	0.6784005836797293	0.0021734694792689296
198.0	0.5828981102951407	0.5442081399675694	0.0006285385691515451
199.0	0.5771935664527821	0.5466177853876162	0.0006494428328554792
200.0	0.5024528491337855	0.6806619209172035	0.002167547619289323
201.0	0.501584983875585	0.6900294574035968	0.00230934062399763
202.0	0.5087955500029286	0.6780045256837725	0.002145601399389333
203.0	0.5003451760543314	0.679552151470094	0.0021876884533435473
204.0	0.5692008813864355	0.5535311200897897	0.0006957274108600812
205.0	0.5643942620815928	0.5556923271016326	0.0007177988168446404
206.0	0.5649914569519217	0.5569107641196607	0.0007304977655012906
207.0	0.5664781125418101	0.5537065850603382	0.0007130556305485501
208.0	0.5591362411352534	0.5556365043673525	0.0007342460855298019
209.0	0.561960277107702	0.5565806253551371	0.0007387174287541221
210.0	0.5537481285818087	0.5587685946258988	0.0007583386202852958
211.0	0.5465528645634945	0.5607698188509274	0.000782850758374022
212.0	0.5385559522790079	0.5635952987442638	0.0008144662894592422
213.0	0.5318478518820081	0.5682827204571264	0.0008634670022900051
214.0	0.5244766331217624	0.5768656712743438	0.0009494500954562675
215.0	0.535023367410874	0.5631481189542259	0.0007885212166413743
216.0	0.5273509677327526	0.5649677330942005	0.0008136108053956516
217.0	0.5227595975930569	0.5721811843080467	0.0008812138574297167
218.0	0.48852088563149687	0.6373946709612113	0.001672652353571479
219.0	0.4858038951193377	0.6329885308048738	0.0016292360757654565
220.0	0.48421006941617994	0.637430139739612	0.001695304799781118
221.0	0.48584235657066566	0.6416588716148718	0.00175643010778476
222.0	0.4836110587550041	0.6433812703821843	0.0017938403481484438
223.0	0.4790042323451559	0.6509293180494514	0.0019187711684274609
224.0	0.48489738784657865	0.6369176176447742	0.0016524863948297018
225.0	0.47852997358639066	0.6451090096646728	0.0017803955974832187
226.0	0.5077981057849884	0.5757743786267563	0.0009207219019722384
227.0	0.49907385367862567	0.5845358968036634	0.0010204172091663917
228.0	0.4782449375855413	0.6285436187476532	0.001579123784791131
229.0	0.5037553509131067	0.5701146565299793	0.0008605189506980196
230.0	0.4960885043077293	0.5726137183374319	0.0008944821547213246
231.0	0.4729903198485782	0.6258617496515056	0.0015253731844199795
232.0	0.4690093572942533	0.637762399168292	0.001696338478507092
233.0	0.46546360316234164	0.646943884581666	0.0018358693616783266
234.0	0.46593930083933666	0.6536444228131879	0.001929899697092559
235.0	0.509505915133928	0.5463679476031773	0.0006995609882123875
236.0	0.5061927063634443	0.5482097869157406	0.0007184970401481955
237.0	0.5039239831970964	0.5507683429232315	0.000742028215243813
238.0	0.5029384418328183	0.5542163853461062	0.000770259840166409
239.0	0.5026683090826127	0.5585912581337061	0.0008053864749894628
240.0	0.5014975955709798	0.5648661316767414	0.0008588204118979442
241.0	0.4990136553175345	0.5687840091971349	0.0009013082305579385
242.0	0.4931984857881846	0.5736410468963297	0.0009594880911452253
243.0	0.4660866411029146	0.6496096669231745	0.0020726261056455047
244.0	0.4947672793200444	0.5682276203621509	0.0008814179340497528
245.0	0.49107571494223007	0.5715570100258318	0.000922125319955853
246.0	0.46460800381561546	0.649430155632564	0.0020215141129830967
