Iteration	GP_regression.Mat52.variance	GP_regression.Mat52.lengthscale	GP_regression.Gaussian_noise.variance
1.0	1.019741991956365	0.08505900360101659	1.0672028481454185e-09
2.0	1.019741991956365	0.08505900360101659	1.0672028481454185e-09
3.0	1.0312547209565026	0.11619632182205764	1.0999999999132245e-09
4.0	1.2239058036770607	0.22696101021006998	0.0834132481654528
5.0	1.1462605029416237	0.12817422417465094	8.341516840574061e-08
6.0	1.1260915165478755	0.27200866617903474	0.19604497193845802
7.0	1.2178820925915221	0.3033210008462526	0.18105287439084228
8.0	1.1393300692700914	0.3075990549331312	0.20156796833222815
9.0	1.2125104340256332	0.30262750055036586	0.18305140732987632
10.0	1.1818288075140848	0.23285006284171664	0.14812816011751717
11.0	1.2057841729533352	0.13323187096072375	0.006489256504824575
12.0	1.2621496680005446	0.17181369035534166	0.005674622528482085
13.0	1.1677542174791695	0.17008432503149623	0.00465672974912143
14.0	1.093306533680785	0.16290555178327037	0.0037810718214342804
15.0	1.0262061592078817	0.15719834360730495	0.0034426148304753114
16.0	1.0146031975995216	0.1707926255477462	0.003286226919792483
17.0	1.0604404934923684	0.17133632890764716	1.1489850628735798e-09
18.0	1.0192878476001557	0.17527137039926813	1.1489850589971784e-09
19.0	0.9688076115286	0.17206549196044374	1.1489850564990735e-09
20.0	0.9253322232557634	0.17038330836548268	1.1489850522498898e-09
21.0	0.8988258427359666	0.1735564017452752	1.1489850493295824e-09
22.0	0.8910623604455763	0.1706894324641134	1.1489850466918192e-09
23.0	0.8630293438251446	0.1683310028798623	1.14898504441591e-09
24.0	0.9078062287660457	0.17182670703178657	1.1489850422519444e-09
25.0	0.9325097369464446	0.17493809891947687	1.1489850392370766e-09
26.0	1.6845945261190614	0.840842798212196	0.1199608886246818
27.0	0.9893080972107864	0.18384024467517987	1.8133099990451331e-09
28.0	1.0093846644989881	0.18545073010532143	1.813309968919389e-09
29.0	1.9984347544304886	0.9358716445048995	0.14989553290636037
30.0	1.0608747558237543	0.19252109987919233	1.5192195773243936e-09
31.0	1.031679839494294	0.19331303002605135	1.5192195679267649e-09
32.0	1.011229061094262	0.19650241546161223	1.5192195620717017e-09
33.0	0.9798570908762927	0.1953865075749027	1.5192195551644198e-09
34.0	0.9556833134944991	0.19490600706005226	1.5192195526277505e-09
35.0	1.1318879815556486	0.34993093306118345	0.03374290185393906
36.0	0.9880475083213149	0.2011635331771872	6.231705732637023e-05
37.0	0.9961382522253407	0.20024628047459084	6.307600115432677e-05
38.0	0.9817317556213576	0.20005826102781538	6.41205480951856e-05
39.0	0.9954366842556237	0.20216304654391623	6.634982126264876e-05
40.0	1.020045805141049	0.20157716851288413	6.644334855779785e-05
41.0	1.0354365010604965	0.20388931787906034	6.835130696514216e-05
42.0	1.0095350303145272	0.2064709694661161	6.839248432623352e-05
43.0	0.9856294286439824	0.20697492753517555	6.920762029887311e-05
44.0	1.0116859877953044	0.21192771039721536	7.055373399756007e-05
45.0	1.0375919786383474	0.21569056714818882	7.25797546589536e-05
46.0	1.069668142643413	0.22241974736943373	7.480303821501075e-05
47.0	1.029655001693912	0.22612610904222913	7.369014174205114e-05
48.0	0.9947369467625017	0.22767289291832826	7.270171485792215e-05
49.0	1.154367721883792	0.3780209067770938	0.029078848630789227
50.0	1.0272004110722273	0.2333072562865827	3.6643004410915265e-05
51.0	1.039194694201048	0.2343580809942429	3.7453279852512144e-05
52.0	1.01648825747741	0.23319037441934437	3.788121129117215e-05
53.0	0.9774899869814352	0.23347446322439577	3.740780128425251e-05
54.0	0.9583655684328571	0.23305713595739513	3.7756132434014996e-05
55.0	0.9748147155385913	0.23252816623725575	3.793309023203758e-05
56.0	1.006499338739792	0.23508310986755976	3.807209603760778e-05
57.0	1.0244613520232044	0.23898321999770858	3.845727819991048e-05
58.0	0.9986374952616972	0.23785702558871374	3.87157896237401e-05
59.0	1.0143656076691001	0.24692099025754066	0.00018568688306735967
60.0	1.0241686474055625	0.24227920632163044	0.0001848721662574789
61.0	1.026239269629822	0.2427277854760009	0.0001890769177578893
62.0	1.0371529503423407	0.24309094969961967	0.0001913144799351619
63.0	1.0584736701056014	0.24505409571571454	0.00019372179492115638
64.0	1.0178903967928172	0.24511861562074752	0.0001911374154619302
65.0	0.9822718255768896	0.24285300082975406	0.00019156790971896185
66.0	0.9987507050734341	0.2450368461985494	0.00019598322592449425
67.0	0.9992577083896376	0.2451258843018256	0.0001347811691611823
68.0	1.0003103634942074	0.2450174359171344	9.52641436338259e-05
69.0	1.007378841604238	0.24044779893061224	9.301693637484662e-05
70.0	1.0211282142274225	0.24135264838226728	9.943845809435232e-05
71.0	0.9845995710796175	0.24079468386506397	9.876164197437829e-05
72.0	0.9881524175692202	0.24061579554726914	0.00011161325900972224
73.0	0.9709075339204365	0.2395537455142535	0.00011266350376978022
74.0	0.9283632192187525	0.23972581464051357	0.00011068818670658595
75.0	0.9417347450190486	0.24475637253219298	0.0003391804265760362
76.0	0.9444089407755957	0.24328449020031384	0.00024438616234070655
77.0	0.9237872938724476	0.24275834106865082	0.0002485186863536974
78.0	0.9239950455397836	0.23938667878549588	0.00016500409500635232
79.0	0.9336866408691785	0.24186925304770746	0.00017917728857000167
80.0	0.903298831113698	0.24131761790314302	0.00018163058664446974
81.0	0.9110199091056965	0.24212771650283083	0.00015537263930964217
82.0	0.9254985729469112	0.24752919405024146	0.0001800803707015783
83.0	0.9276235365176152	0.24577948960390328	0.0001373310090941335
84.0	0.9266670233916375	0.24144569772751714	9.396892301184405e-05
85.0	0.8937912175757439	0.2417268584646678	9.694659964673493e-05
86.0	0.8832605238664288	0.16891126976295084	1.0000157022162233e-09
87.0	0.8993197083133478	0.17006090286903794	1.000000000200701e-09
88.0	0.908282798578891	0.17026635330576195	1.0000070055348802e-09
89.0	0.9290814471839917	0.1712409589239168	1.0000002355864752e-09
90.0	0.9468573131526424	0.1709400907000958	1.0000011606395033e-09
91.0	0.9568638909677731	0.17127820195136037	1.0000003543871467e-09
92.0	0.9571219943589347	0.17110476656892434	1.0000021782453165e-09
93.0	0.970210507565409	0.17174461779488767	1.000000292853594e-09
94.0	0.977833087233096	0.17250849309533944	1.0000004371041087e-09
95.0	0.9711526391611054	0.17229075530546753	1.0000002212143433e-09
96.0	0.9805003779682344	0.1735730098685685	1.0000006339661292e-09
97.0	0.972796199676955	0.17332915134344	1.0000001574418064e-09
98.0	0.9729725000675795	0.1730525354885725	1.0000005913364859e-09
99.0	0.976254311692717	0.17116411099317572	1.0000002017069645e-09
100.0	0.9770528522647196	0.1711298703277055	1.0000003863461254e-09
101.0	0.9594537098993212	0.17074557765015924	1e-09
102.0	0.9366357025452372	0.17055382428286353	1.0000002556029068e-09
103.0	0.9411251510667042	0.17025725661842292	1.0000005722786259e-09
104.0	0.9311883660483962	0.1699661354504531	1.0000006360144513e-09
105.0	0.9479812899882009	0.17090778140075003	1.0000002186677694e-09
106.0	0.9489606626773861	0.17070680362757804	1e-09
107.0	0.9584202224399647	0.17221235891885728	1.0000002222220327e-09
108.0	0.964257371824473	0.17275170489875216	1.000000222767872e-09
109.0	0.9466156810841946	0.17233461193658484	1.000000486441386e-09
110.0	0.9567162909931265	0.17319313766004954	1.0000007541281066e-09
111.0	0.9408803862125603	0.17277982724032356	1.000000240697821e-09
112.0	0.9428211994758261	0.17291693528337446	1.0000005054222277e-09
113.0	0.9248874209587894	0.17271547085761205	1.000001988078766e-09
114.0	0.9019776987741279	0.17231768345012097	1.00000027185907e-09
115.0	0.8850234404091966	0.1718364805544232	1.0000005884071818e-09
116.0	0.8917879926061221	0.17319088296295115	1.0000004292755318e-09
117.0	0.9000740769269536	0.17394313506614853	1.0000002582567055e-09
118.0	0.8813290809544603	0.17363087801511598	1.0000013371273335e-09
119.0	0.8806522187275475	0.17371385426146851	1.0000006057685831e-09
120.0	0.8769534807539177	0.17363394120574902	1.0000004385614415e-09
121.0	0.8833142063801752	0.17462676962904927	1.0000004675384063e-09
122.0	0.8762350037643347	0.17441547175364955	1.0000002533041307e-09
123.0	0.8813871137794816	0.17552470422100075	1.0000004005868997e-09
124.0	0.884041742584595	0.17544412438131723	1.0000002001553763e-09
125.0	0.8671081093932753	0.1750009695411296	1.0000003018575335e-09
126.0	0.8526386075306713	0.17447461703124548	1.0000003236164457e-09
127.0	0.8618062516276936	0.1750887014497608	1.000000162570357e-09
128.0	0.8608272085765776	0.1751452589865612	1.0000001963891303e-09
129.0	0.8371765877227856	0.1749153331601425	1.0000056898543972e-09
130.0	0.8686383850912558	0.17418200479697798	1.000000794062024e-09
131.0	0.872041505070048	0.17493101688425727	1.000000256098737e-09
132.0	0.8777032626990182	0.17565550500861346	1.0000004197914498e-09
133.0	0.8701891103973252	0.1754268686567707	1.0000002458665846e-09
134.0	0.8646249230877439	0.17527541168517624	1.0000001451833741e-09
135.0	0.8608566987908288	0.17511332944883096	1.0000002769121849e-09
136.0	0.873781049910138	0.17541279745740546	1.000000231512142e-09
137.0	0.8800553001453817	0.17626801960087124	1.0000003864759078e-09
138.0	0.86670983628791	0.17590490610075002	1.0000039585512932e-09
139.0	0.8788528328990861	0.1750688753228295	1.0000003838958005e-09
140.0	0.8674269430868318	0.17471720586749714	1.0000002629108603e-09
141.0	0.8731117278036298	0.1752787792036537	1.0000005699146394e-09
142.0	0.8554683280143807	0.1748577131334613	1.0000004281774338e-09
143.0	0.8611112612056753	0.17523734987381825	1.000000204689887e-09
144.0	0.8514031608725013	0.17499547460665374	1.000005738060463e-09
145.0	0.8457242776745165	0.17485887936205802	1.0000004125005633e-09
146.0	0.8287974090190096	0.17440047501351877	1.0000002710914295e-09
147.0	0.8339126643607957	0.17531477732518763	1.0000002323475876e-09
148.0	0.8386204490030822	0.17610025208207977	1.000000140321131e-09
149.0	0.8191101145177335	0.1756930190960826	1.0000004940215914e-09
150.0	0.8123796528396526	0.17514818573309765	1.0000001617623765e-09
151.0	0.7919821159346725	0.17480318402266332	1.0000003007126667e-09
152.0	0.793863021876933	0.17503428958474557	1.0000002865140133e-09
153.0	0.7963312327148435	0.17520625928147965	1.000000283208439e-09
154.0	0.8047723931952226	0.17567427298387553	1.0000051216984327e-09
155.0	0.7848829927439617	0.1754261600741611	1.0000002283073515e-09
156.0	0.7893493792151126	0.17567737078330378	1.0000001916502415e-09
157.0	0.7840994325826985	0.17554495756158667	1.0000003498116888e-09
158.0	0.781791993297235	0.17552471725558755	1.000000379886271e-09
159.0	0.786913702910541	0.1758352242065743	1.0000001550038036e-09
160.0	0.7792599897124596	0.17559930841361138	1.0000003908012083e-09
161.0	0.767434880226526	0.1752533375230254	1.0000000629677544e-09
162.0	0.7760140218361856	0.16965266994446898	1.0000002519295125e-09
163.0	0.7750884770972291	0.16969415282965902	1.0000003877599737e-09
164.0	0.7791868796612991	0.16997112159143313	1.0000007210892392e-09
165.0	0.8079465468457521	0.16835720845005328	1.0000003399162934e-09
166.0	0.8082887278666508	0.1685398122528691	1.0000003797573115e-09
167.0	0.8329909201722682	0.16291855584403012	1.0000003808236518e-09
168.0	0.8385734921562464	0.1461984390071098	1.0000641829985768e-09
169.0	0.8206433847413146	0.14199363078989713	1.0000078969320238e-09
170.0	0.8582222826495142	0.21204510274298213	0.003276042017414088
171.0	0.8609396978618212	0.21155484151560916	0.0030425411922499358
172.0	0.8302969898679439	0.14170856948251326	1.0000799877482062e-09
173.0	0.8345495798611311	0.14225927442791708	1.0000007370909582e-09
174.0	0.8414261544840751	0.14276538948890102	1.0000365904224096e-09
175.0	0.8352708746629866	0.14255806817615316	1.0000014287605046e-09
176.0	0.8445550323894557	0.13762633859406442	1.0000008795534987e-09
177.0	0.8487665530328863	0.1381546813712914	1.0000152709385361e-09
178.0	0.8508678158173699	0.13832222946377934	1.000001273514232e-09
179.0	0.8404231805420729	0.1380936924314233	1.0000005454927555e-09
180.0	0.8448341090408533	0.13852814959080623	1.0000007889388738e-09
181.0	0.8282359179420682	0.13851752972615938	1.0000570202724484e-09
182.0	0.8297185447999289	0.13850873895240245	1.0000009219485305e-09
183.0	0.8337929143734877	0.13894414555208875	1.0000010748324132e-09
184.0	0.827615426537324	0.13868379663288047	1e-09
185.0	0.8120024305055693	0.13874902160935526	1.0000005873998324e-09
186.0	0.7995027876857563	0.13853437637704408	1.000000759824181e-09
187.0	0.8068930192745607	0.13874467614409433	1.0000520227568875e-09
188.0	0.8072848059708847	0.13882029245127972	1.0000006099535754e-09
189.0	0.8009450927791114	0.1386548134954602	1.0000031776257412e-09
190.0	0.8024537666326808	0.1387983465983644	1.0000008783134526e-09
191.0	0.792065343627892	0.1386287648387326	1.0000005986648546e-09
192.0	0.7966832164089506	0.138963805616155	1.0000046880560179e-09
193.0	0.7929829683709608	0.13886644682726923	1.0000008588997182e-09
194.0	0.7815102074265191	0.13865987147913444	1.0000245551052688e-09
195.0	0.7850818465717412	0.13874093982707006	1.0000016289031015e-09
196.0	0.7858676675439112	0.1388339493595473	1.0000006558607786e-09
197.0	0.7811697471953029	0.13870782234919146	1.0000007929312269e-09
198.0	0.7967943296001037	0.21981647544242117	0.005283330539579827
199.0	0.7983846345609286	0.21645136378937924	0.004569400069613565
200.0	0.8001915243446618	0.21404426042170235	0.004055262870005604
201.0	0.8028641759216296	0.2126664790035159	0.0037194035970899396
202.0	0.8048731804381919	0.21105275908364773	0.0033782526819355675
203.0	0.8069255476788733	0.20964787263775286	0.0030881129993989534
204.0	0.8090126792067298	0.20839671678943789	0.0028369726100250484
205.0	0.811128396628406	0.20726504841133941	0.0026169530904040076
206.0	0.8001720953031035	0.1403081375787063	1.0000000601263218e-09
207.0	0.7923963185397911	0.14005418956859203	1.0000001215079693e-09
208.0	0.7956824919773823	0.14040307663882642	1.0000001621238486e-09
209.0	0.787885804056752	0.14019497153836377	1.000015835310237e-09
210.0	0.7804456811853742	0.14004250056638004	1.0000001754233055e-09
211.0	0.7836399180713775	0.14028164990566863	1.0000000350365816e-09
212.0	0.7863470428487859	0.14049878070019564	1.000000178029753e-09
213.0	0.7773921479000535	0.14029720940335902	1.0000000620147844e-09
214.0	0.7697409774044347	0.14011352293027393	1.0000292432749264e-09
215.0	0.7732484197063979	0.14045413258756811	1.0000000664277504e-09
216.0	0.7764766063626931	0.14085132069288142	1.0000011445250743e-09
217.0	0.7795438628273093	0.14139176980761328	1e-09
218.0	0.7715292391741941	0.14119666324373484	1.000000083079435e-09
219.0	0.7694280083968018	0.14116533441562257	1.0000614400343402e-09
220.0	0.76579635963495	0.14106549657808978	1.000007461081365e-09
221.0	0.7679184407820543	0.14123387777940066	1.0000001729362517e-09
222.0	0.7746125755294884	0.14067996907829322	1.000000226746392e-09
223.0	0.7728466284432876	0.1406585836649503	1.0000002285929813e-09
224.0	0.7712989045603353	0.14064571908654222	1.0000000452846657e-09
225.0	0.772532472849195	0.1407585369247663	1.0000000643290577e-09
226.0	0.7723292610015696	0.14070357998885144	1.0000000061931944e-09
227.0	0.7695160116553288	0.14063237669130596	1.0000510430500583e-09
228.0	0.7586067765163347	0.14048365042426642	1.000000178531146e-09
229.0	0.7611688840752129	0.14101949432906014	1e-09
230.0	0.7503333817183719	0.14094363428606238	1.0000017669116303e-09
231.0	0.7381519313390188	0.1407657587418072	1.000000214624205e-09
232.0	0.7477940246793253	0.1369565138529641	1.0000001133399462e-09
233.0	0.749699543290374	0.13739397436769013	1.0000001221942051e-09
234.0	0.7534518985014069	0.13788885639093001	1.0000000342445557e-09
235.0	0.7619298615615616	0.13784062193820695	1.0000000930997448e-09
236.0	0.7648749586370063	0.13820440299759879	1.0000023749941206e-09
237.0	0.7675423683152669	0.13871164675117814	1.0000000423342419e-09
238.0	0.7624718134171586	0.13859624698634002	1.000000033948049e-09
239.0	0.7516840154500655	0.1383766333256174	1.0000002799582347e-09
240.0	0.7499564964567315	0.13834783588125965	1.0000600787807344e-09
241.0	0.754748319006373	0.13814834247792745	1.0000000647166506e-09
242.0	0.7450635778292457	0.13793250943201385	1.0000000703109289e-09
243.0	0.7418442436329133	0.13784250965905767	1.0000001313483663e-09
244.0	0.7449836138347107	0.1380052570247224	1.000000243200247e-09
245.0	0.7479595878639063	0.13830407913626336	1.0000000344565927e-09
246.0	0.7508069232778792	0.13855140475946365	1.0000007730481769e-09
247.0	0.7528243388487408	0.13871694880874327	1.0000000835663154e-09
248.0	0.7559907403077574	0.138451266835529	1.000000053686865e-09
249.0	0.7438406741112823	0.1382365467081556	1.0000000619755508e-09
250.0	0.7466495186913233	0.13860577189187864	1.0000001172975647e-09
251.0	0.7483358598330213	0.13874904489750814	1.0000002799393073e-09
