Iteration	GP_regression.Mat52.variance	GP_regression.Mat52.lengthscale	GP_regression.Gaussian_noise.variance
1.0	0.35225624987062326	0.5116072254975961	0.6200581095868986
2.0	0.35225624987062326	0.5116072254975961	0.6200581095868986
3.0	0.8389356475243246	0.37891262844354445	1.0976821518828382e-09
4.0	1.0046306122019841	0.4676469025146892	1.0000201874196401e-09
5.0	1.1236809617980128	0.5654069796727286	1.0535633756142158e-09
6.0	1.409746273747834	0.696616351029566	1.0000000000083711e-09
7.0	1.0497071853465612	0.5203340996324504	1.0999999937177363e-09
8.0	1.0116981603360067	0.5495501673319692	1.0416360306756972e-09
9.0	1.0469842489256518	0.5919254900494424	1.0549488629456783e-09
10.0	1.1299072651030937	0.6828041606596444	1.000152437451599e-09
11.0	1.1620026691096161	0.7707273080895661	1e-09
12.0	1.0638878966713108	0.7450766385875777	1.0999999877571309e-09
13.0	1.1622221610007575	0.8016665496021244	1.0274388667422654e-09
14.0	1.1308195900210087	0.8480543658555308	1.0139399310230543e-09
15.0	1.0594723928220968	0.8779915733536583	1e-09
16.0	0.9983600936906156	0.8583919972617721	1.0158806625681653e-09
17.0	0.9435989372248518	0.8681925675541644	1.028066535884474e-09
18.0	0.8887878244843506	0.8612370389185834	1.0203655620475338e-09
19.0	0.8814279787764481	0.8607404527896515	1.0147113728083793e-09
20.0	0.9335881037432776	0.9114275025382124	1.0182964278347994e-09
21.0	0.8943916880119448	0.9282903830085977	1.0136273697436646e-09
22.0	1.0006284516375485	0.8174125840026435	1.025404607170874e-09
23.0	1.0836681852690064	0.9001526670325285	1.0199944362563944e-09
24.0	1.0781424989188415	0.7940321876055064	1.0999999893893865e-09
25.0	1.1693057509097151	0.8552189713592652	1.018087814412009e-09
26.0	1.0381236799699782	0.7699802831338972	1.0409530176466615e-09
27.0	1.0072354527480956	0.7138738585253142	1.0000061517344662e-09
28.0	1.095406913153346	0.8948691758593227	0.0042364189097718235
29.0	1.0268636650981158	0.7384088455163592	1.0322204685717697e-09
30.0	1.1028480983071782	0.8933631424418562	0.0027231714974833916
31.0	1.1346910299444204	0.9110397527331864	0.003431183507420432
32.0	1.1731016537511527	0.9140916651958941	0.0029962464344292054
33.0	1.1908766895821694	0.9432765403976818	0.0029482293060818657
34.0	1.1329163990107485	0.951626531931861	0.0029403834321475586
35.0	1.1486610323578403	0.952918451547998	0.0023868512336366753
36.0	1.0924256042170253	0.9517243825741024	0.0023832337910426014
37.0	1.1088408902884508	0.9481789599680609	0.0020858799449529597
38.0	0.9875008005227053	0.5633890916285327	1.0000000000039215e-09
39.0	0.9635504470871372	0.5465272168291815	1.0999861863784426e-09
40.0	0.9410023561055434	0.5486613533205175	1.0001900299150072e-09
41.0	0.9171029002091406	0.5500902144267297	1.0000021750770382e-09
42.0	0.921527129108161	0.5504999121957579	1.0000100129668644e-09
43.0	0.8956611053792657	0.5509725462808781	1.0000200304642776e-09
44.0	0.877424597801648	0.5481493831716218	1.0000057365374058e-09
45.0	0.8533786216245725	0.5466558298695137	1e-09
46.0	0.8323113703801389	0.5430117251566343	1e-09
47.0	0.8179299235073703	0.5391153528868867	1.0999908048130357e-09
48.0	0.7968111818656551	0.5365609803168381	1.0003205727290278e-09
49.0	0.7764067496257974	0.5328440857124919	1.0999931726086566e-09
50.0	0.7617295775606191	0.5324374375043126	1.0999899622765258e-09
51.0	0.7424877047263688	0.5295887049595596	1.000007316544004e-09
52.0	0.7245171655515616	0.5278625902838179	1.0000097581070056e-09
53.0	0.731482260289003	0.6485817037506331	0.0001353731373787408
54.0	0.7419392775924503	0.6676745519042361	0.00014065445926638034
55.0	0.7364765856724165	0.5405056506663503	1.0000048614980073e-09
56.0	0.7174655071038888	0.5388204352289179	1.0001249531796177e-09
57.0	0.7048399705533263	0.5363973122344885	1.0000428034442079e-09
58.0	0.690236812233939	0.5350029784062837	1.0000068025338248e-09
59.0	0.6817189999352339	0.5321573471176293	1.099991407696294e-09
60.0	0.6670452809116737	0.5296198392407707	1.0006811271742573e-09
61.0	0.6537630375340451	0.5290629679314567	1.0000329746253358e-09
62.0	0.6429667441058581	0.5250141046217729	1.099992291809337e-09
63.0	0.6326927789476332	0.5237561909315429	1.0000414708949295e-09
64.0	0.6198529377985912	0.5229240816687593	1.0000059758244752e-09
65.0	0.6069393003090434	0.5218164367106195	1.0000067844863088e-09
66.0	0.6101376036250754	0.6650323078790688	0.0019421084915494584
67.0	0.6181222911704571	0.6257681490258655	0.0011126267767343904
68.0	0.622357293287326	0.4344300259764634	4.456594683647101e-07
69.0	0.6324538776585495	0.4388154691591666	4.575375198336915e-07
70.0	0.6400373756833533	0.44141930733364215	4.691149032727803e-07
71.0	0.6310618401451089	0.44201722085272527	4.69033592021429e-07
72.0	0.6159752292576646	0.6282660688394949	0.0008949986726778553
73.0	0.6059659030761341	0.6310168282786134	0.0009604984539483929
74.0	0.6221784927431065	0.4457997086624823	2.701081039298301e-07
75.0	0.613496985724521	0.4446329959154262	2.7240433854642036e-07
76.0	0.6048544868900672	0.44479045944464224	2.729368314349544e-07
77.0	0.610402417418168	0.44687925023774727	2.777014317049524e-07
78.0	0.6013209685828957	0.4456374906002047	2.8049852321001366e-07
79.0	0.5926191691755938	0.44434500539581306	2.8272954155467145e-07
80.0	0.5975555094837341	0.4459712263591229	2.886394169369406e-07
81.0	0.5886311072201422	0.4449286325665417	2.911676688736724e-07
82.0	0.579891585796017	0.443594924430868	2.9359503391335453e-07
83.0	0.571336091546522	0.44240284650985817	2.959415813522777e-07
84.0	0.5633042693080589	0.44191159099357263	2.9720980499360975e-07
85.0	0.5733316717777694	0.44385543715468934	3.15133571768167e-07
86.0	0.578113259762245	0.44571536053000577	3.200782325799139e-07
87.0	0.5872393838249548	0.4483740237238205	3.257896306733965e-07
88.0	0.5898163713248967	0.44866133406788367	3.2887025189339547e-07
89.0	0.5931027126548872	0.44992607103184235	3.3382458419131956e-07
90.0	0.5693122318346144	0.6502245139351114	0.0011759161546521927
91.0	0.5818921371597557	0.5968266874341304	0.00039195476669108835
92.0	0.5734026460028885	0.5992476310599968	0.0004252227778142131
93.0	0.5607629901404098	0.6035106353853539	0.00047049126683729636
94.0	0.5506839908196013	0.6070125787008014	0.000517879164686995
95.0	0.5371564417080258	0.6110436626148232	0.0005782720041860852
96.0	0.5312640546200873	0.6163137123835422	0.0006518665281274753
97.0	0.5325875634539146	0.6133476905338011	0.0006409234753382145
98.0	0.5303407645483162	0.6204744735310479	0.0007336957515224323
99.0	0.5179410120008547	0.6238206750149264	0.0007954905581557959
100.0	0.5097518775178107	0.6260807375026956	0.0008545653616376489
101.0	0.5640648531182422	1.129341263792132	0.020829050479545915
102.0	0.5179644964201885	0.611318884382259	0.00055362689796983
103.0	0.511469982361238	0.6132610578755727	0.0005904479326705109
104.0	0.5084998105601595	0.6181555993887649	0.000656101459395222
105.0	0.5152381305118421	0.5850153805165101	0.000287352219770463
106.0	0.5146054382856824	0.5834860748554838	0.00028786383092390126
107.0	0.5038433262030986	0.5841043090968746	0.000300924627000742
108.0	0.49495516983007337	0.5858143346475129	0.00031971744066167687
109.0	0.4860558950217634	0.5871560074363242	0.000338195688172288
110.0	0.47981729927523714	0.5880655272956781	0.00035498561388846317
111.0	0.4716356208595067	0.5889727743493853	0.0003731772170299618
112.0	0.46964646355800627	0.592853293797496	0.0004064269214828881
113.0	0.46214676139949296	0.5935065157658023	0.0004259140155802117
114.0	0.4541332449052836	0.5944673642514532	0.0004484957594028026
115.0	0.5053112106489234	1.139926170067732	0.020805085429340675
116.0	0.4498023326793589	0.5863231327440319	0.0003305936983605529
117.0	0.4828220628033142	0.4613966537013619	2.5607451912495126e-06
118.0	0.48619626914083536	0.4647803633603146	2.776623081765182e-06
119.0	0.488537982333192	0.46670285311487014	2.951834837228132e-06
120.0	0.45486731432061855	0.575429958325723	0.00020134177483189928
121.0	0.44864535624546	0.575848179083723	0.00021101402100867297
122.0	0.5098084559261158	0.43062104888082464	4.4967790034983037e-07
123.0	0.5176690170633558	0.417740567959425	3.1845694415960423e-07
124.0	0.517929844824731	0.41987231123893126	2.917378500280404e-07
125.0	0.5252912727220276	0.42056313907885035	2.8413242005205884e-07
126.0	0.5293631330960955	0.4219648883915228	2.83259884970081e-07
127.0	0.5299821261978377	0.4262195126913345	2.907712257341156e-07
128.0	0.5402508093353235	0.4295428310880552	2.9054745911315784e-07
129.0	0.5439996377538807	0.4314622955673933	2.9425819056767226e-07
130.0	0.5470217043747537	0.43261458915479445	3.0147080201636844e-07
131.0	0.5452261613939764	0.43223342397712594	3.0477434170758043e-07
132.0	0.5482943055110632	0.43363778058876024	3.097526854369262e-07
133.0	0.5468566324376527	0.4331267781409855	3.1239506398956234e-07
134.0	0.5481208864092482	0.43342011466143804	3.1639510672586693e-07
135.0	0.5503032279102026	0.4337556280189857	3.1888386685704154e-07
136.0	0.545559409690234	0.43463494508291717	3.202163040451493e-07
137.0	0.5435680611536249	0.4341791687528737	3.2374886150235054e-07
138.0	0.5387507445802272	0.4346606169878382	3.2381621670831085e-07
139.0	0.5408523743758178	0.43544467380108054	3.3009002944224925e-07
140.0	0.5372825523959187	0.4346934149984465	3.3300608178235824e-07
141.0	0.540513233101952	1.2149582948603008	0.029430266670493088
142.0	0.4901097157986951	0.5907687826520684	0.0006376730443140164
143.0	0.49245136705568204	0.5936451230087781	0.0006608087953776509
144.0	0.48918317803546524	0.5932760400038765	0.0006699572423274939
145.0	0.4871930221649085	0.5918887371484628	0.0006688399185566216
146.0	0.48396274740610445	0.5925142839941687	0.0006849176282509278
147.0	0.4853721758171654	0.5956045915516253	0.0007111708159987601
148.0	0.5371006954937401	1.1907243556161302	0.027827805130782705
149.0	0.5324598344044078	1.183798587076838	0.026863601465251758
150.0	0.5411295699418095	0.43087175477898315	1.2889559576122067e-06
151.0	0.5408363899041071	0.4307921584046188	1.3011732571997806e-06
152.0	0.5434774339037561	0.431899403739878	1.31609161316691e-06
153.0	0.5516721436663145	1.2081434498383092	0.027177604281579826
154.0	0.49036625742367856	0.6365834665226828	0.0013199315028009657
155.0	0.48321277091128517	0.6361942807244233	0.0013338145353076602
156.0	0.5383034062747222	0.47771824503242577	3.939845085607713e-05
157.0	0.5626530088366273	1.240880668525074	0.028354310496474605
158.0	0.5409885826357206	0.4713535019394999	2.718318202131177e-05
159.0	0.5367603925646688	0.4716087080377707	2.8128552332050318e-05
160.0	0.5555866143369672	1.2355817088553405	0.02734827357671447
161.0	0.5358376592549635	0.4661286548367225	1.9660080107101574e-05
162.0	0.5384200147174465	0.469499765598147	2.1510540603621007e-05
163.0	0.5477663979832914	0.4692692940431805	2.064308034199166e-05
164.0	0.5412723150185388	0.4999214711247697	6.304831035379404e-05
165.0	0.5438009494789583	0.5039980311292496	6.589755746918016e-05
166.0	0.54022279668751	0.5036935047017573	6.666596841914072e-05
167.0	0.5391806818745937	0.5042864605702484	6.818296128082139e-05
168.0	0.5389436954918199	0.5049907023174912	6.989889446149603e-05
169.0	0.533073465551606	0.5041485382846872	7.049135920191798e-05
170.0	0.5352429090619475	0.5052801307020904	7.211981996610126e-05
171.0	0.5295808000730691	0.5046124153945979	7.283059657185331e-05
172.0	0.5279634367179346	0.504302320839719	7.375396552470909e-05
173.0	0.5260865940154756	0.5042784256277637	7.499393632409964e-05
174.0	0.5260045935296411	0.5052871579347502	7.69328707336356e-05
175.0	0.5289249462216037	0.5077729708697244	7.98070740946143e-05
176.0	0.5228496407596354	0.5070872274631963	8.054831682921186e-05
177.0	0.5231643186363101	0.5080371267131912	8.258605650464441e-05
178.0	0.5288930125869022	0.5075228488942558	8.186798687827677e-05
179.0	0.5267078078987846	0.507638870151737	8.329503088499231e-05
180.0	0.5315730059838306	0.5100231719949927	8.584570056333894e-05
181.0	0.5252288269653526	0.509064351304716	8.637521011559406e-05
182.0	0.5196829248382809	0.5093902051456601	8.78315004390265e-05
183.0	0.5173274663695215	0.5093447635075545	8.923583263987828e-05
184.0	0.5162053639865278	0.5092051166749125	9.018504207601417e-05
185.0	0.5135518453758039	0.5092754707929461	9.171970067551535e-05
186.0	0.518569311473235	0.5111662290779155	9.323763037373048e-05
187.0	0.5161212591620965	0.5112852144066007	9.465812816794573e-05
188.0	0.5159976006496279	0.5122640039271248	9.704648309026445e-05
189.0	0.5160527522990228	0.5133510288681015	9.961079733890159e-05
190.0	0.5104993447541744	0.5132387510823346	0.00010080057260601921
191.0	0.5081745461626942	0.5131864396426042	0.00010235848938511879
192.0	0.5042934985088983	0.5127627659641532	0.00010352478473242445
193.0	0.5032193269903376	0.5127623525336258	0.00010498732835666341
194.0	0.5020310537039301	0.5128878378112055	0.00010651555257359024
195.0	0.5029441732039871	0.5135976128756005	0.00010845358287715052
196.0	0.49962039193466595	0.5133835084468669	0.00011000044309423192
197.0	0.49770541929036405	0.5241024561421375	0.00014778424913506109
198.0	0.49946641888642657	0.5189307612135028	0.0001386444831702023
199.0	0.4975525743396639	0.5183411227504107	0.00013942816903336788
200.0	0.4936240132820441	0.5178857578646318	0.00014125722524559775
201.0	0.4908825725918501	0.5178857813959818	0.00014388288949449693
202.0	0.48726494379809193	0.5176332445698018	0.0001462597817237049
203.0	0.48259208740403514	0.5170377067377978	0.00014788806898786218
204.0	0.5838654530393558	1.1139750602153218	0.02608156644810033
205.0	0.4837049255494327	0.5139180341602737	0.0001228224521513349
206.0	0.48494767358083213	0.5160152896814316	0.0001278206032184565
207.0	0.48138527044241625	0.5151726783646239	0.00012879257190936272
208.0	0.48392224177524024	0.5180084561817018	0.00013380303890079886
209.0	0.4793593116250702	0.517813097654862	0.00013550471133571656
210.0	0.4751449914211019	0.5173640544383407	0.00013710164916793952
211.0	0.4732644553221159	0.517630940726734	0.00013989338479197043
212.0	0.47109985212846067	0.5177749422252613	0.0001425989071165299
213.0	0.5630656475164901	1.0646945156670964	0.023363527310888074
214.0	0.46911828418342005	0.5165835539111547	0.00012901081690335704
215.0	0.4649395639767959	0.5164150723136295	0.0001306439984960214
216.0	0.4596608861001107	0.5155200995240513	0.00013141506503343997
217.0	0.46120040912543336	0.5181389949978613	0.0001374060792745659
218.0	0.4609992338243364	0.5190786256474081	0.0001410525108546663
219.0	0.45895238572014807	0.5188733179113276	0.00014283449240023703
220.0	0.5561990391719195	1.0508532595135702	0.021696161777465164
221.0	0.4588316656314797	0.5181221626296696	0.00012828865787372574
222.0	0.4575773153602909	0.5184621543349606	0.00013083057054437216
223.0	0.4555353517737739	0.5184346027336282	0.00013263159931372834
224.0	0.45524915490720275	0.5191148227095159	0.0001357581099487534
225.0	0.45532988722136913	0.5202819536480726	0.0001396078045109046
226.0	0.4556485252801406	0.5206731167086613	0.00014184988604771446
227.0	0.5435831460992517	1.0148626204880915	0.019649234278903995
228.0	0.45335241652937364	0.5188041694614691	0.00012347961248598295
229.0	0.45435515824186223	0.5205771243268121	0.0001274718861997009
230.0	0.4552651912404595	0.5219205745863634	0.00013309588323832816
231.0	0.5476474078778442	1.0121160781239915	0.01877930828697935
232.0	0.4560788815634	0.5210704279891503	0.0001180479735784985
233.0	0.4523419610900097	0.5208759256022713	0.00011950830928511269
234.0	0.4487174721135453	0.5203984369498539	0.00012068703470548265
235.0	0.5388209549907947	1.0104408311102075	0.01794351292868871
236.0	0.5322502663149156	0.9971355764197531	0.016938123217756822
237.0	0.45088349065733635	0.5145214113338774	0.0001240534561673869
238.0	0.4467575690182096	0.5141361492855568	0.0001253135187100602
239.0	0.4465495932797898	0.5145882336816763	0.00012719059442182628
240.0	0.4428953060096189	0.5144574092891385	0.00012886377666541498
241.0	0.5221986565070756	0.9758982298331413	0.01556786252672781
242.0	0.4444706916122747	0.5142226616305007	0.00011476240741492424
243.0	0.440001601924368	0.5145065927526191	0.000116397044114327
244.0	0.4409707092628853	0.5163095703274102	0.00011993384135195073
245.0	0.43729361410122036	0.5160938360111776	0.0001213422047157607
246.0	0.43345864900713343	0.5154765086086123	0.00012219568987437932
