Iteration	GP_regression.Mat52.variance	GP_regression.Mat52.lengthscale	GP_regression.Gaussian_noise.variance
1.0	0.9065672442832295	0.32685687968346766	1.7069396836492437e-09
2.0	0.9065672442832295	0.32685687968346766	1.7069396836492437e-09
3.0	0.8909399914742193	0.45683581084539066	1.7069396539436702e-09
4.0	0.9310906958498315	0.5305994779519771	1.5879817459730059e-09
5.0	0.9609180060327089	0.5565054019974711	1.58798171488703e-09
6.0	0.9556314617459538	0.4671802432185611	1.5879816993259256e-09
7.0	1.0279306185589747	0.5111166920829182	1.4355726688534137e-09
8.0	1.1731227309687031	0.5706094530184366	1.000373966104143e-09
9.0	1.1195240398146922	0.5115912521419987	1.0999999991618079e-09
10.0	1.2404019717326342	0.5745730452437527	1.0999999982550366e-09
11.0	1.460381783941957	0.6311769738969045	1.0999999962277091e-09
12.0	1.9014884213364327	0.7871597498432871	1.0075091700546818e-09
13.0	1.084261057878964	0.48794358972512875	1.099999999285885e-09
14.0	0.9861969409213964	0.48044778659199405	1.0999999995581052e-09
15.0	0.9615913362646644	0.5416193299285883	0.019083485535350397
16.0	0.9566522305730357	0.5732531113636922	0.016159395228949124
17.0	1.0708435188045697	0.6371904347928	0.022705378147879863
18.0	1.0789021092832616	0.5853932290932087	0.010109698606586165
19.0	1.011291732773288	0.5951862946845524	0.02554475184326374
20.0	0.835559865598741	0.4155306391560165	1.0158600137084321e-09
21.0	0.8709457030282555	0.43528141409817855	1.0262413052983054e-09
22.0	0.9042023885437436	0.4573885182102238	1.0150565992780675e-09
23.0	0.8938111863024719	0.46477040152519866	1.0999999902024877e-09
24.0	0.8567719090471518	0.45909215921184565	1.0161797539991435e-09
25.0	0.8420954774132217	0.464157125970081	1.016665932878665e-09
26.0	0.8348891062681538	0.47296982403784965	1.0333773321222711e-09
27.0	1.1313858559037013	0.7953795959243474	0.01541039120318549
28.0	1.129154236277727	0.8561578419584113	0.016424162375893257
29.0	0.8385524307040826	0.43864704620783557	1.2993345777489971e-05
30.0	1.12693643126225	0.7758396953068041	0.009916687432003895
31.0	1.0934555686721334	0.8015356082022396	0.010504023199619012
32.0	0.8646163104897291	0.4506893704089703	7.868960417757821e-06
33.0	0.8701167640117495	0.4352468617953721	1.078263042287456e-09
34.0	0.8385091083846027	0.42948041243099844	1.0415451292742183e-09
35.0	0.8219435466906047	0.43141319638899994	1.085134811593662e-09
36.0	0.7989303586600677	0.426543023863318	1.056320553204947e-09
37.0	0.78334941228976	0.4280802618196104	1.0999999988635567e-09
38.0	0.9340714019515702	0.7262479001027415	0.007482761537382649
39.0	0.7909253429927179	0.43601902084033567	1.0083897165245389e-09
40.0	0.7732100379489599	0.43600414275417854	1.0999999717312228e-09
41.0	0.7532603266851471	0.4343382307355906	1.0768572489548191e-09
42.0	0.7357053248666011	0.43387720789172	1.0066898174603948e-09
43.0	0.7181993430043258	0.43160098413858594	1.0058525274679113e-09
44.0	0.7026822837636189	0.4278980240681553	1.099999986674799e-09
45.0	0.6879264506164263	0.4266873753458054	1.0999999685347329e-09
46.0	0.6740040383934849	0.4228946178742662	1.0056727321616695e-09
47.0	0.7226873985441357	0.7062444059447491	0.006640731324436649
48.0	0.6809882703456086	0.43657884719433787	1.0003955390886616e-09
49.0	0.666634260229709	0.4346678184484986	1.0005820436662072e-09
50.0	0.6532328915929009	0.4334149110251223	1.0010130613890733e-09
51.0	0.6395274987223623	0.4308015163312706	1.0006341407651093e-09
52.0	0.6305557365457733	0.4326280286798003	1.0007336870168337e-09
53.0	0.6186736658822813	0.4317790621110566	1.0004490350055702e-09
54.0	0.6083908928519336	0.4316936780129572	1.000593121419206e-09
55.0	0.6226295202582295	0.43825355235675567	1.0017724268924833e-09
56.0	0.6114828077705473	0.43709320407618735	1.0006337111058864e-09
57.0	0.6009656440014706	0.43671127455930825	1.0007578111311086e-09
58.0	0.5911453921798581	0.4355076086014199	1.0000978487280866e-09
59.0	0.5744416682022869	0.7263839054986588	0.006997432115833322
60.0	0.6174761777870132	0.4489769378502023	4.131630475368071e-06
61.0	0.606137032485884	0.44674921944183577	4.2075868736673835e-06
62.0	0.5951240157163993	0.4447259886868925	4.26515904081713e-06
63.0	0.5869396442855055	0.44622407666884767	4.333307773147142e-06
64.0	0.5772524731035058	0.44454201776092184	4.411088071001881e-06
65.0	0.5692437333893643	0.4452843149458804	4.5222275756437944e-06
66.0	0.5674482208283396	0.44360501750921016	4.578505917716373e-06
67.0	0.5806726033259055	0.4490904724317921	4.311711403483429e-06
68.0	0.513460344288995	0.7655308579729925	0.008408892975275096
69.0	0.5822269206655082	0.4600412029366895	3.636772726111035e-06
70.0	0.5731018366601559	0.458330216152363	3.691792114466658e-06
71.0	0.5643759079195811	0.45695738574750444	3.746133927365821e-06
72.0	0.5570548669438014	0.4547422115702719	3.790750562759883e-06
73.0	0.5496802065582062	0.4529706097711802	3.8403008687390215e-06
74.0	0.474602205153482	0.7775283892123915	0.008429150442908605
75.0	0.5494039956094268	0.45146832822188065	1.1157847309054675e-06
76.0	0.541061128543315	0.450116628148874	1.1529684308689995e-06
77.0	0.5324473182253576	0.4488791359574444	1.1958900313967036e-06
78.0	0.53785561550429	0.4515640851128335	1.2556635408295265e-06
79.0	0.5302857501539936	0.4502307665810476	1.2904287347038086e-06
80.0	0.5245120430428286	0.4499151601943335	1.3526617442695188e-06
81.0	0.5184420673315228	0.44848885498475644	1.3908289537970048e-06
82.0	0.5112157801534222	0.4489587531345447	1.4704836578848858e-06
83.0	0.5125717410347631	0.4501634307455542	1.5602193869068594e-06
84.0	0.4757108663054632	0.9833538238868277	0.018524329283796888
85.0	0.5292540993021	0.46065811990009653	1.042311109786091e-06
86.0	0.5209673573169877	0.46147945694776876	1.1110423291260817e-06
87.0	0.5149324380014064	0.459545475991112	1.1247452226167502e-06
88.0	0.5078007867296583	0.45822275908851473	1.1518397911016873e-06
89.0	0.5003608492625053	0.45844065475777224	1.200332384663635e-06
90.0	0.45021990090889974	1.0264598924365829	0.019542531316559808
91.0	0.4992168491654516	0.47098344426606176	3.5899339913060502e-06
92.0	0.5013285680865271	0.4708082931364181	3.6356361747840964e-06
93.0	0.4938503397364881	0.47016994915576965	3.6776718938620402e-06
94.0	0.4457758960549406	1.0597917948935478	0.019455045932873474
95.0	0.49147413778935767	0.47720539838352305	3.6409124466967555e-06
96.0	0.4847395047987787	0.47696155757947845	3.6573278544011046e-06
97.0	0.47810111943256967	0.47661419795974597	3.6741853765752076e-06
98.0	0.472370506999067	0.47541414993771247	3.7038900443274097e-06
99.0	0.4693752258984172	0.47523090974441473	3.744886610308341e-06
100.0	0.474999530888916	0.48057513760606063	3.7804446558646078e-06
101.0	0.4692830908189044	0.47969724806940806	3.820711125655169e-06
102.0	0.47618351414030324	0.4806998894786399	3.872400811359306e-06
103.0	0.4801461280124857	0.48130440577252576	3.914948158179983e-06
104.0	0.48556766156144754	0.4816696748334274	3.945262245779863e-06
105.0	0.4599055144654944	1.0972642138456727	0.021225646103063617
106.0	0.48341184791081093	0.48554709305796656	3.1903969040476975e-06
107.0	0.4886237241908492	0.4851832007381688	3.2314046118335223e-06
108.0	0.4898139935979721	0.48499202068742164	3.265537238696386e-06
109.0	0.48417893814820256	0.4838706489903086	3.2889050065974434e-06
110.0	0.4817864341555718	0.48394601013579747	3.3290986149642643e-06
111.0	0.48335066738543725	0.48430391645801874	3.3625770808454817e-06
112.0	0.49249946906592423	1.1355462757468948	0.021238289010974562
113.0	0.49200351280667626	0.4859711463100228	2.8945486841261753e-06
114.0	0.4902766870643285	0.48518754448999857	2.9155529490081675e-06
115.0	0.48695467899627426	0.48433787876438694	2.9318508506341923e-06
116.0	0.4805435054688447	0.48359652643340534	2.9422689226600435e-06
117.0	0.49183151814519466	1.1437057537675803	0.020326680901568174
118.0	0.48426386353670414	0.48768765254048463	3.6480472286559888e-06
119.0	0.49104990540976157	0.48902920811345085	3.6720260361894014e-06
120.0	0.4916497563078115	0.48936464133098245	3.7071043245028475e-06
121.0	0.4866116679240284	0.4891804135752418	3.7197450531215395e-06
122.0	0.484406704879065	0.4884583405465942	3.743656945803753e-06
123.0	0.4973051832191224	1.1247170585411084	0.019686701163831352
124.0	0.4907785262906036	0.4757169274514799	7.423122890369017e-06
125.0	0.49412348589591415	0.48024812998771416	8.08912488740667e-06
126.0	0.5090624679403039	1.1403208862337446	0.018995174335150338
127.0	0.49728014326344955	0.48316780500867595	7.593612538296981e-06
128.0	0.4917933729986197	0.48401584136918513	7.782834903058834e-06
129.0	0.48661360158268396	0.48537168040350503	8.02054121217393e-06
130.0	0.4877231737646235	0.48745951922657993	8.430692864342677e-06
131.0	0.4810154144596105	0.4875091019250827	8.66768843209068e-06
132.0	0.4821711847779758	0.4893854344048633	9.03724237127249e-06
133.0	0.47918181513360636	0.4886920743864959	9.223543314915127e-06
134.0	0.47951123851265076	1.102369619025167	0.01730679483254871
135.0	0.4802199616374205	0.501384575388271	1.3629322737253083e-05
136.0	0.5070149130829089	0.49008135903478167	1.026773764940148e-05
137.0	0.5119542250117695	0.4938387068790844	1.0663700750332363e-05
138.0	0.5165949194183106	0.49510621356594864	1.1030758665229764e-05
139.0	0.5257077388087198	0.49154854816026494	1.0054186945207253e-05
140.0	0.5282243952509134	0.4891905315640931	9.71265197175647e-06
141.0	0.5342220429021424	0.48975495154645543	9.797866388280503e-06
142.0	0.5350164255734476	0.48812007597623863	9.70563572601497e-06
143.0	0.5376699132138525	0.49123483117561745	1.022698387476679e-05
144.0	0.5403303227153727	0.4860264367512743	9.513318022677535e-06
145.0	0.5353860106028658	0.4856459353137724	9.67336618451201e-06
146.0	0.529399754283617	0.4864915572328271	9.905757886805915e-06
147.0	0.5290899145958028	0.4868276650478311	1.011395394363186e-05
148.0	0.5246501758388791	0.48624378646354743	1.027678137813393e-05
149.0	0.5215993805101855	0.48531238640254215	1.03805914889198e-05
150.0	0.5214397570266618	0.4860387875283524	1.0694922746417912e-05
151.0	0.522127552092791	0.48684299646276563	1.0981567494159692e-05
152.0	0.5221515173102464	0.4870026749010561	1.1233458064604767e-05
153.0	0.52670518562146	0.49071028263440986	1.1711530313689826e-05
154.0	0.572823364108382	1.1668835947201754	0.027996224361626205
155.0	0.5238944339624927	0.49390354012539395	1.122406982735361e-05
156.0	0.5167649771664901	0.49337541509007776	1.1319114042786322e-05
157.0	0.5133937046511037	0.4929354452966171	1.1469910604817231e-05
158.0	0.5128484984078026	0.4929869103007276	1.1643062608898785e-05
159.0	0.5090348659185575	0.49276573771576726	1.180660377887308e-05
160.0	0.56482674913093	1.1683635220203317	0.027041620862325557
161.0	0.5089432689658493	0.49859850342371315	1.3580269971934953e-05
162.0	0.51569416057729	0.49573471253252543	1.299405552201747e-05
163.0	0.5145142116851636	0.4959217051499695	1.3195411139543803e-05
164.0	0.5119992559651408	0.49565028268403144	1.3354949852919422e-05
165.0	0.5135069852950724	0.49716080143876845	1.3664332289157626e-05
166.0	0.5099387567974575	0.4965796029528518	1.3800332620946807e-05
167.0	0.5092417913308243	0.496785797850038	1.39996908266172e-05
168.0	0.5860190154970291	1.171921700197777	0.02724164173781735
169.0	0.5113263520384584	0.49883434247624303	1.2848634987387427e-05
170.0	0.5073960714662848	0.4982758221028842	1.2969256525287033e-05
171.0	0.5017860653101579	0.49796026933749693	1.3075807768265341e-05
172.0	0.5027849472872333	0.4990049851537671	1.3340303110364722e-05
173.0	0.49817424006466066	0.49881838137681167	1.3452953376601356e-05
174.0	0.4965629524101807	0.4984830545466772	1.3588017022103256e-05
175.0	0.5851575436202907	1.1800919510963193	0.026252548985856196
176.0	0.4972734068127132	0.49916549704899976	1.2065259906489152e-05
177.0	0.4926099365411273	0.4987560723610309	1.2146915809196716e-05
178.0	0.4939553562778483	0.499826360009177	1.235885073607913e-05
179.0	0.4961614298111911	0.5003068427676528	1.2424878153347343e-05
180.0	0.49405656533382086	0.4998732397300746	1.2538989381565801e-05
181.0	0.49231840423942597	0.49876887067771686	1.257359537885643e-05
182.0	0.6046800238376099	1.1992242418899155	0.026099818598511553
183.0	0.4932199659146619	0.4997501268673526	1.1119768868368966e-05
184.0	0.489005468190187	0.4984899127290561	1.1157613759914359e-05
185.0	0.4864369599026622	0.49835475992146194	1.1285879062967424e-05
186.0	0.4837094589349071	0.4982915074655486	1.1395424939358104e-05
187.0	0.4834648875023215	0.49882290844188865	1.1583185339057458e-05
188.0	0.47928054184161784	0.4982875731540864	1.1677159269617604e-05
189.0	0.4807199961130657	0.49963404148817814	1.1912962361318799e-05
190.0	0.5974797696070675	1.188458859066023	0.024637734917894116
191.0	0.47644212110405326	0.5035218587385886	1.3797766863441709e-05
192.0	0.47432374639098684	0.5033864790815687	1.39324015063032e-05
193.0	0.47250045726370615	0.5033403173828603	1.4084005139776304e-05
194.0	0.47268394173612943	0.5040427081255937	1.4310854671044932e-05
195.0	0.600789791838664	1.1938747078131022	0.02385311826826557
196.0	0.4727726219352252	0.505653893645506	1.3714324527751532e-05
197.0	0.4693840323359618	0.5053431558828994	1.3835409882278638e-05
198.0	0.4649745546774277	0.5045010905646843	1.3904322116101688e-05
199.0	0.4650786240352396	0.5050175549525528	1.4120338692157869e-05
200.0	0.4638168764611427	0.5051510167914639	1.4303982079380597e-05
201.0	0.4605243491639002	0.5048089354061531	1.4429496822539894e-05
202.0	0.5868117914135261	1.187828463181387	0.02295235784284974
203.0	0.456889933941212	0.5046351864736831	1.2926229917854298e-05
204.0	0.45904647456361525	0.5042084844371744	1.2914741673480051e-05
205.0	0.45706477515837196	0.5038767739378383	1.3020457613403738e-05
206.0	0.45605685147824415	0.5041617014826267	1.3197058442983613e-05
207.0	0.5956897767285529	1.1959554951098015	0.02222167928054467
208.0	0.4538669493246601	0.5084197314960128	1.5189589104533137e-05
209.0	0.45522251105714423	0.509781700861387	1.5413315457855767e-05
210.0	0.45677635029695696	0.5097361657052218	1.5464850207757844e-05
211.0	0.4582592463116282	0.5110192573836523	1.5687548850149886e-05
212.0	0.45573892201104454	0.5109138574702633	1.5805197756583914e-05
213.0	0.4541174574004426	0.510297278390814	1.5944235884631264e-05
214.0	0.45164737408461564	0.5099234944118759	1.6052589984872404e-05
215.0	0.5929445195275399	1.1704367560822355	0.020824913440928683
216.0	0.451644467361567	0.5133459574191462	1.7096991238370824e-05
217.0	0.44965968543098955	0.5132340321840358	1.7233796714391237e-05
218.0	0.4511338685053447	0.5143340257927707	1.7380408704772133e-05
219.0	0.44886999617428247	0.5135942817595707	1.7451773576186394e-05
220.0	0.44868984847181276	0.513569216873611	1.759916585581546e-05
221.0	0.4448109068413307	0.5126198162933662	1.764465543738648e-05
222.0	0.44139784755980993	0.5121475013526398	1.7741590910237837e-05
223.0	0.44036068568634984	0.512272638748859	1.7911924873119234e-05
224.0	0.4383538575676166	0.5120843716483192	1.8048648377597096e-05
225.0	0.438993649086015	0.5129602505800408	1.8278536664848906e-05
226.0	0.581756858342652	1.1406187354788921	0.020095191673374892
227.0	0.4388566691112643	0.5137788731619628	1.679807262144676e-05
228.0	0.5812382346840088	1.1457484020121067	0.01963505968619101
229.0	0.443634808173597	0.4984203139394196	1.2865240858878887e-05
230.0	0.4448332109963261	0.4991620917212153	1.2956948562300522e-05
231.0	0.44477604941622706	0.4994668833627934	1.3067377173663985e-05
232.0	0.442721337470835	0.49929302415071736	1.3161802484315645e-05
233.0	0.4444031918092479	0.5008929820582815	1.3502383144726877e-05
234.0	0.585886346630294	1.1495776361072525	0.01921691298739233
235.0	0.441500393980491	0.49948554435947107	1.2054986117172526e-05
236.0	0.4428965984379527	0.500937187514588	1.227212701038772e-05
237.0	0.44298826649680423	0.5012387773160238	1.2412146359529104e-05
238.0	0.44116304327260936	0.5012239572762758	1.2539979026921158e-05
239.0	0.4393415098081504	0.500919685885872	1.2638980042722186e-05
240.0	0.43839429871342245	0.5010951098032677	1.2791980145793709e-05
241.0	0.44059080995600025	0.49847990406934084	1.2136189434085856e-05
242.0	0.4463305511964122	0.49863697452317135	1.2049702155183557e-05
243.0	0.44612446162918995	0.49875497503959965	1.2168856148441927e-05
244.0	0.6009465966295056	1.1490144334665382	0.01938215433244588
245.0	0.44246756134706094	0.4976823953536348	1.0908416940395816e-05
246.0	0.44168333463005016	0.49787131110634697	1.1027199905563933e-05
