Iteration	GP_regression.Mat52.variance	GP_regression.Mat52.lengthscale	GP_regression.Gaussian_noise.variance
1.0	0.9391499929435909	0.44620898255692343	1.0000000000075239e-09
2.0	0.9391499929435909	0.44620898255692343	1.0000000000075239e-09
3.0	1.0345078668536272	0.48027803005593706	1.0000000000821838e-09
4.0	0.9800864771388094	0.5666558838617864	1.010067311014184e-09
5.0	1.096589591674943	0.6557513220952719	1.0093914291534705e-09
6.0	1.1602203347070963	0.7297923954322836	1.0003055709846145e-09
7.0	1.0764038254946704	0.5854321593859713	1.0079494118576294e-09
8.0	1.1049575625130332	0.4203682200437345	1.0257337623298273e-09
9.0	1.2784934029582666	0.5269581412065895	1.0999999665583192e-09
10.0	1.066067732876149	0.34592981426066505	1.0355568302770667e-09
11.0	1.0902761438737545	0.3850670227908008	1.000000255312266e-09
12.0	1.1043148412322457	0.34845224934915536	1.0628603177321272e-09
13.0	0.9856969783195868	0.28102158074066835	1.06377989362371e-09
14.0	0.974636020004015	0.27562079643751514	1.0999999965072031e-09
15.0	1.03493535897559	0.30475834657082834	1.099999995373113e-09
16.0	1.0414101858209066	0.29147150281972184	1.0975901612064638e-09
17.0	1.1066712942460444	0.337887032976037	1.0593103980198538e-09
18.0	1.0554997855732315	0.3418215230790453	1.0999999956411127e-09
19.0	1.0003094784268232	0.3305824528284197	1.0759719607687982e-09
20.0	0.9932862816852344	0.35019431523214184	1.0776485958733209e-09
21.0	0.9576409944446964	0.3401629662064535	1.0730301951821074e-09
22.0	0.9510470152880491	0.3572268765021846	1.0917415912910363e-09
23.0	0.921385409772722	0.3498021934250149	1.099999995693779e-09
24.0	0.9072601313605109	0.3447032364299992	1.0521196996918949e-09
25.0	0.8831677104683052	0.3485514990121508	1.0692616007831082e-09
26.0	0.8587162275322492	0.3509396907475722	1.0999999961427972e-09
27.0	0.8408537663500483	0.3562183364908872	1.0530992947059835e-09
28.0	0.8169664533151332	0.3565250976250615	1.09999999458548e-09
29.0	1.2508171355991162	0.8636355420411144	0.045834332323697796
30.0	0.85315900595396	0.3651061048925042	2.1715241990818296e-09
31.0	0.8334499265793522	0.36779341706973356	1.4074209844252514e-09
32.0	0.8100801737049304	0.36701229544034697	1.1090724090111961e-09
33.0	0.7978846590140105	0.3620507928305875	1.1090724056726358e-09
34.0	0.7918606854400636	0.3587986120760177	1.0826385281964143e-09
35.0	0.7729152983736225	0.3582308038633599	1.0999999958625854e-09
36.0	0.7575540639314576	0.35424836408956684	1.0695434855183127e-09
37.0	1.1137913253204788	0.8996101643185914	0.044463828991244986
38.0	0.7718650050641784	0.36410595730519174	1.0471700762877308e-09
39.0	0.756654489017222	0.36457132858816965	1.0375677353322198e-09
40.0	0.7432759300561188	0.3659009472472167	1.0999999955738642e-09
41.0	0.7285976883381537	0.36193124282646577	1.0450256041509055e-09
42.0	0.714389835184573	0.36021690820710084	1.0460086530851709e-09
43.0	0.7355852650432134	0.3758017828303386	9.461590115130107e-05
44.0	0.7200693913025933	0.37373676864679345	9.5881356425133e-05
45.0	0.7052737573845759	0.3718205785010624	9.708840708359188e-05
46.0	0.7000028209345335	0.3521376373585156	1.1841010210213713e-09
47.0	0.6925034954851365	0.3547023636463688	1.000000210183087e-09
48.0	0.7056524300468557	0.3577283194037417	1.099999999145145e-09
49.0	0.920072049804685	1.1107136346364517	0.05911225450176142
50.0	0.721915847317541	0.37238436791898744	1.0631438043290333e-09
51.0	0.7089528029645722	0.37093839663116074	1.065813827263228e-09
52.0	0.7003839552242993	0.3728743835059961	1.008487825332929e-09
53.0	0.6945295979381945	0.3709435392384006	1.0052965587358035e-09
54.0	0.6820098469715843	0.3676588231504805	1.0047491000470174e-09
55.0	0.6802439048931992	0.36618914785767764	1.0038766600175255e-09
56.0	0.6707529909345706	0.3638639662856705	1e-09
57.0	0.8606172273008038	1.1192238157295473	0.057850703188927606
58.0	0.6989782499557655	0.36958444405500107	3.3358594515259445e-05
59.0	0.6922735429000552	0.3720624690390694	3.336323422166785e-05
60.0	0.8376850339230986	1.100520070516507	0.050949051056577356
61.0	0.7071766720508671	0.3631499740358715	1.5055380843449308e-06
62.0	0.7002228212881064	0.36539857570822615	1.5984132705176566e-06
63.0	0.6896648613040386	0.3625379038793626	1.5989975773911461e-06
64.0	0.6799371572369295	0.35974440246776507	1.5973495654076508e-06
65.0	0.6704065848560448	0.3589659310900814	1.6501378534352808e-06
66.0	0.6602234341488503	0.35756069826705916	1.671038481659914e-06
67.0	0.6515788709714394	0.35711762714106504	1.7259260990909332e-06
68.0	0.6450653607937713	0.3583345623998212	1.8403707517707298e-06
69.0	0.6380189137349283	0.35920354603113275	1.961759263126775e-06
70.0	0.6953408680975035	1.077225904242064	0.04709894727900728
71.0	0.6411211216553553	0.36151411300107317	8.514287467351225e-07
72.0	0.6326150534032771	0.3605785288472948	8.614219530501785e-07
73.0	0.6551726199006542	0.3687118592410948	6.010407349784705e-07
74.0	0.6716045235700366	0.3792800592527819	6.493568524823905e-07
75.0	0.6619686656550283	0.37795238106663875	6.536362185423831e-07
76.0	0.6754443242387304	0.3845640892295251	6.625953386853197e-07
77.0	0.6665236958737154	0.3839431734086757	6.700392547493667e-07
78.0	0.6768124334146525	0.38601331569088476	6.873108219140459e-07
79.0	0.667636389236589	0.38474811135157116	6.945907517194653e-07
80.0	0.6628517603450766	1.1089178254590242	0.04301899405941357
81.0	0.6615520172762358	0.37653990015449457	1.2996236739701969e-07
82.0	0.6706387764831033	1.1014542259590419	0.03970364525131554
83.0	0.6789259748466493	0.38245973337482214	7.289104715397027e-08
84.0	0.6711375698567393	0.3831296956916135	7.816901422308791e-08
85.0	0.6648527116272953	0.3848426758948987	8.882020662757986e-08
86.0	0.6571182111712865	0.38369193044562855	8.950632553159054e-08
87.0	0.6495194331215162	0.3842430989125709	9.583045010395034e-08
88.0	0.6423651044501277	0.3845768972733227	1.0253846702241018e-07
89.0	0.6356920925607285	0.385528716549941	1.1068430680500975e-07
90.0	0.5968910826559743	1.0955392486253326	0.036196176453887695
91.0	0.649574750215634	0.3962540483467424	2.2603694399126856e-07
92.0	0.6417803717304416	0.3953197415092381	2.2849268636412324e-07
93.0	0.6342880202272463	0.3952464791635018	2.336166438958657e-07
94.0	0.6265549147902958	0.3944648851603499	2.3812132452501747e-07
95.0	0.61947757594466	0.39475182856599517	2.4511293856414096e-07
96.0	0.6127249099525687	0.39399675494712183	2.499570411001615e-07
97.0	0.6061517038246628	0.39251899546431723	2.5209260123184593e-07
98.0	0.6004281250082416	0.3909075543746373	2.52727445289994e-07
99.0	0.5573083890680476	1.1205192948603429	0.03628171466568793
100.0	0.6109259046962451	0.39803895566951675	2.949083540360275e-07
101.0	0.6039099208994679	0.39804186474924247	2.9770921130381413e-07
102.0	0.5970740642420561	0.39731990928096017	3.006294014146721e-07
103.0	0.6026379268339312	0.39870232320343096	3.08290203679982e-07
104.0	0.6027409006369353	0.3987072491092268	3.135586390149923e-07
105.0	0.598965017608406	0.3977886384312376	3.1663109333018243e-07
106.0	0.5938486151864094	0.39919436748003734	3.1999477476549306e-07
107.0	0.5975587613009978	0.40021867934476835	3.2740244304302774e-07
108.0	0.5709933594995386	1.177058112343524	0.038061214131312616
109.0	0.5663736369443624	1.164946771384251	0.036007572296940626
110.0	0.6171941381567613	0.41156279688260866	4.322223300643462e-07
111.0	0.610426639465267	0.4119733067965516	4.337624349100356e-07
112.0	0.6067235244622177	0.41112585114410444	4.3690901049067615e-07
113.0	0.611529961772403	0.41197238956838356	4.40868463144828e-07
114.0	0.6095162018266151	0.4112870955906665	4.4530579367842886e-07
115.0	0.6029791322946919	0.41055058617864726	4.478297318551709e-07
116.0	0.5967449977398972	0.40961655197925184	4.50038001025486e-07
117.0	0.5914762239491677	0.4110315508359826	4.509977389602114e-07
118.0	0.5864133930854	0.4105328241036798	4.536818388791826e-07
119.0	0.5841709541720104	0.4100472735452937	4.5836794189559334e-07
120.0	0.586491536899977	0.4111048321075352	4.645416714721379e-07
121.0	0.5807309180694976	0.41156356317821796	4.663630657872075e-07
122.0	0.5414741631102684	1.1981036092540536	0.035307437798219585
123.0	0.5797196471035545	0.41481515741237784	4.180855728962264e-07
124.0	0.5736986828987262	0.4151198390933189	4.2016001671347886e-07
125.0	0.56915122651101	0.41506530931070407	4.236965250245238e-07
126.0	0.5690485644834555	0.4152437047931815	4.290433032962199e-07
127.0	0.57076083289594	0.4209391813795683	6.513719343389872e-07
128.0	0.5654440843099473	0.42196202753852574	6.515302715097508e-07
129.0	0.5598738201540763	0.4225750641227834	6.520231985302803e-07
130.0	0.5579919894780921	0.4219807011872122	6.573990179471871e-07
131.0	0.5684316869552449	0.42357997307786943	6.598720501361322e-07
132.0	0.5693840467104716	0.42409906361042743	6.667310327806822e-07
133.0	0.5726513477738315	0.4253955370201053	6.7304402955637e-07
134.0	0.5721815220154625	0.4253914694373311	6.793082957959214e-07
135.0	0.5799984404616129	0.42743752252766243	6.836168006366674e-07
136.0	0.5799687537392149	0.42685116951158725	6.880108215592867e-07
137.0	0.5744491106558853	0.42600015370600947	6.907982309479915e-07
138.0	0.5758531738881534	0.4267688442949906	6.979663333160168e-07
139.0	0.5807749572935956	0.42743676223314075	7.024845599189278e-07
140.0	0.5753082508439014	0.42658300722217285	7.054632818059732e-07
141.0	0.5787119175288711	0.42826572339566626	7.128712418941376e-07
142.0	0.5579467986870656	1.1907657939441234	0.0373819066540716
143.0	0.5757357373449713	0.42687638791176835	7.499350622180992e-07
144.0	0.5852474810351371	0.42915985709033583	7.366200918750516e-07
145.0	0.5868526838109134	0.4300174752463662	7.49946426667296e-07
146.0	0.5908724960398355	0.4318527090598549	7.65668477956638e-07
147.0	0.5858027967426738	0.43104534626054986	7.704236364816852e-07
148.0	0.5899263150306288	1.2186443069082467	0.03890571365212636
149.0	0.5908184651945058	0.42975305984753726	5.028547922718254e-07
150.0	0.5850076564600801	0.4298277736361818	5.042895035159171e-07
151.0	0.5794492740900005	0.42972692525411604	5.053795713712524e-07
152.0	0.5838915934528486	0.4324791294898273	5.094524203662031e-07
153.0	0.5825456668744194	0.4321970145753762	5.14041493474185e-07
154.0	0.584683481573969	0.43202527733279583	5.138099619874613e-07
155.0	0.5755128881009127	1.2220146054512555	0.03702575105493286
156.0	0.5806402950862124	0.43732535556411	6.013988224541029e-07
157.0	0.5752199844486567	0.4368123548141346	6.033394162276271e-07
158.0	0.5715482161957657	0.43614788631846024	6.062426698453205e-07
159.0	0.5718349195227526	0.4353935418399428	6.12172248462872e-07
160.0	0.5731673771393565	0.4359711843034338	6.176507589065277e-07
161.0	0.5698321201955053	0.4355598495218859	6.209149384104834e-07
162.0	0.5814539061088313	1.2370150010338168	0.036107206335351034
163.0	0.5716476528522948	0.43829310480553435	5.40371144188347e-07
164.0	0.5677495582538363	0.43745237567170686	5.430163441849246e-07
165.0	0.5655919119224019	0.4370183042081925	5.465168195672e-07
166.0	0.5599687470681063	0.4368107659862868	5.465285227568491e-07
167.0	0.5581506114416912	0.4363224914934974	5.498479066623671e-07
168.0	0.5562825779022691	0.43597966963771134	5.534418555461827e-07
169.0	0.5544375751017354	0.4356782317421854	5.570008047381956e-07
170.0	0.5561429314844081	0.43609445602073615	5.608944929761854e-07
171.0	0.5611184738444215	0.43832623976677226	5.631987365541789e-07
172.0	0.5670224385012002	0.4288285603119056	5.216687135615654e-07
173.0	0.5613595569773902	0.42847807095653717	5.220656715191171e-07
174.0	0.5661124682387888	0.4300557122843988	5.25562698977612e-07
175.0	0.569467877102739	0.431061869704015	5.28524153757473e-07
176.0	0.5688993260380065	0.43075901988209875	5.318890238784655e-07
177.0	0.5654737818992065	0.4302638913169746	5.344104260128507e-07
178.0	0.5710214321325363	0.430729182276926	5.380215610770304e-07
179.0	0.5728771346767627	0.43153070589490206	5.428954120266144e-07
180.0	0.571743826132991	0.43119911804541156	5.457077497892155e-07
181.0	0.5704104889618389	0.43071981034186235	5.4873243308276e-07
182.0	0.6241790319927316	1.2410036195054857	0.039128424557270246
183.0	0.564891888786712	0.4302156289282568	7.033824175012655e-07
184.0	0.5664600639416216	0.4310585673827411	7.099647678879816e-07
185.0	0.5616073731591704	0.4304851391127672	7.119670366066703e-07
186.0	0.5564824674382404	0.429875313419466	7.138258467547029e-07
187.0	0.5525758714763717	0.42927521235197624	7.16458459231301e-07
188.0	0.5549644576236158	0.4306466797367704	7.233147753404161e-07
189.0	0.6055376807954416	1.2149065137106805	0.036496067545786805
190.0	0.551076015518281	0.43518346505814887	1.064190561750835e-06
191.0	0.5516956680163588	0.43547696126027596	1.071030522324352e-06
192.0	0.5536750600904665	0.4365438130466579	1.078130000593734e-06
193.0	0.5532622804884354	0.43645414944127287	1.084357555430081e-06
194.0	0.6102315719100566	1.2106102364183473	0.035032958041517966
195.0	0.5495478690391908	0.4386561188103094	1.3716186629701802e-06
196.0	0.5448050709621698	0.4380258475207989	1.3746655865811358e-06
197.0	0.5416356463104756	0.4373253325919965	1.379996831483449e-06
198.0	0.5418606126699366	0.4376043029973658	1.3890685979969305e-06
199.0	0.5429155285288542	0.4381469110941997	1.3985045572575056e-06
200.0	0.6031715786842616	1.198911996487729	0.03346524510757292
201.0	0.5411392862631331	0.4403824060043953	1.7912228910943633e-06
202.0	0.5400883398608597	0.4401740954905329	1.8001381173926934e-06
203.0	0.5367794005588913	0.43936601284473525	1.8063684121273503e-06
204.0	0.5316499568786877	0.43896508606609735	1.806498680157918e-06
205.0	0.530676421820354	0.4388533779742741	1.8154491398798191e-06
206.0	0.5979819316936368	1.1886714020015174	0.03220518932013049
207.0	0.5287145129153926	0.43878455067351324	2.6627121632955164e-06
208.0	0.5948648114882703	1.1867276050464295	0.03131076486829607
209.0	0.5269552911364062	0.43879652869646824	2.5140655589723057e-06
210.0	0.5232490092548825	0.43826311950544383	2.5204443972196014e-06
211.0	0.5185199439473194	0.4376152181080195	2.523626195024739e-06
212.0	0.5153945586149795	0.4372528170506371	2.5297804828056618e-06
213.0	0.5101899660539009	0.43695426581705255	2.527230602667986e-06
214.0	0.5126024906600661	0.4377164299241907	2.539896479527194e-06
215.0	0.5095895067746252	0.4369215893091395	2.5490446766835013e-06
216.0	0.5093008357931907	0.4370439254048517	2.5620718357403746e-06
217.0	0.5749353746589119	1.1654672490215037	0.02987284474514319
218.0	0.5059007092286267	0.4379993611409949	2.630282249155102e-06
219.0	0.5079431746533085	0.4393245737060275	2.6403506411629854e-06
220.0	0.509772552854891	0.4405049585344331	2.6536751678206054e-06
221.0	0.5070902868272286	0.4401107393278578	2.6623654097653327e-06
222.0	0.5039453684772952	0.43944995955732447	2.670115335003471e-06
223.0	0.5007630404907703	0.43904291733651046	2.6767958858929063e-06
224.0	0.49957551347218077	0.43884879517694747	2.6861668221339023e-06
225.0	0.5003796670714287	0.439416400315496	2.7006241641391332e-06
226.0	0.5023899220983121	0.44067169837880266	2.7075241577344946e-06
227.0	0.49885622480384884	0.4400460092704962	2.713677716787379e-06
228.0	0.500721725872631	0.44115235185813656	2.727249434129854e-06
229.0	0.5739955864844152	1.1455556316036144	0.028459392170656482
230.0	0.49893331566582616	0.4406398412178929	2.8819601906780235e-06
231.0	0.49619278182898263	0.4401274073565166	2.8913071031409363e-06
232.0	0.4967526387911748	0.44027626479157494	2.9067303079057387e-06
233.0	0.49333394692679344	0.43975602430454686	2.9127053153430644e-06
234.0	0.5712904738126291	1.1437169965533271	0.02764822950347423
235.0	0.4895413026856533	0.44279848656151694	3.5105675775415483e-06
236.0	0.48723219546862295	0.4424805360242845	3.522488944512349e-06
237.0	0.4844262775928915	0.4419113870989454	3.5326370918517846e-06
238.0	0.48099664279277554	0.44154347080294964	3.536898457234152e-06
239.0	0.5619899958154613	1.1416612610317975	0.026672542224534142
240.0	0.4773367678796373	0.44225262515170444	3.3061961301421545e-06
241.0	0.4737822168896705	0.4417517324338103	3.311225344594087e-06
242.0	0.470193577155971	0.44115673376085063	3.316723841848e-06
243.0	0.46831834949940165	0.44086011462065083	3.3287884222552313e-06
244.0	0.4676614959660218	0.44087303211394674	3.3443881285745245e-06
245.0	0.4679872116570231	0.44122313932743784	3.3614925973323843e-06
246.0	0.46399557524008905	0.4403533598523858	3.3652861758512128e-06
