Iteration	GP_regression.Mat52.variance	GP_regression.Mat52.lengthscale	GP_regression.Gaussian_noise.variance
1.0	1.0055095295223198	0.6669952590916821	1.000000342522648e-09
2.0	1.0055095295223198	0.6669952590916821	1.000000342522648e-09
3.0	0.9789367692200255	0.49520452225571276	1.0999999999892313e-09
4.0	1.011606207608297	0.5739107652125564	1.0000000025102633e-09
5.0	1.052253793848482	0.3707656567492562	1.1000000000120794e-09
6.0	1.167605322698276	0.5003550325416595	1.099999999880863e-09
7.0	1.2120873358407183	0.5416050033798884	1.0999999999508635e-09
8.0	1.2987036689551317	0.5907190526470761	0.00045729679591785354
9.0	1.2698064500163535	0.5995689558456975	1.0042076313023388e-09
10.0	1.4980643926211392	0.7068538651425674	0.000993964230541455
11.0	1.7728072819181224	0.9971271863579334	0.00228120357908489
12.0	1.7350397571115568	1.090101308206389	0.0008192766930037506
13.0	1.631919626803962	1.0536170493984964	0.00024454230338981223
14.0	1.5281880401162549	1.133418778101358	0.0004837526753526428
15.0	1.4772196563552837	1.1254323382517653	0.0007441160252906085
16.0	1.362645552275542	0.8782405396829835	1.8447215831091643e-09
17.0	1.538103347619755	0.9179811858955251	1.3850439515360717e-09
18.0	1.2385114909483224	0.8707859230059	0.0264422823966758
19.0	1.0611746999279643	0.681883955736435	1.4081855905112397e-09
20.0	1.0052798516328936	0.6758480219523765	0.0009419618870545178
21.0	1.1250300731405458	0.8253364709680624	0.010585807619552016
22.0	1.2049990195025635	0.9147124176306913	0.011733408602220696
23.0	1.2297768845988784	0.9298593301680043	0.018937518923072175
24.0	1.1771535764831347	0.8568886464825227	0.01228491150685404
25.0	1.151858275657323	0.8872769078367025	0.01240744091270477
26.0	1.1855868894438684	0.9135851150823899	0.010832190706838222
27.0	1.1863008252329137	0.891226646035404	0.008067869889788967
28.0	1.196032996463968	0.8753052851303312	0.006177068943549389
29.0	0.8576482246340176	0.3881301807971729	1.0002260440117014e-09
30.0	0.8579467003809109	0.3869767181675855	1.0026025174531097e-09
31.0	1.1805130333975171	0.8878399551242658	0.004999300323902042
32.0	1.129088584710709	0.9009684089403005	0.004889782774480443
33.0	1.0739995824687072	0.9021904695845977	0.004866068628303068
34.0	1.034156150493607	0.9149443650417917	0.004895338000457238
35.0	0.8271725765569085	0.410460699306945	1.0000406323079165e-09
36.0	0.8095454473300328	0.41170083893081016	1.0000376391732907e-09
37.0	1.0514916396860534	0.9918708110339229	0.0050560168521139
38.0	1.0059303032608349	0.9857323227692196	0.005159538568527029
39.0	0.8369330089748124	0.4268698275989629	1.0001906039324673e-09
40.0	0.8175587578413427	0.42713886766608866	1.000064731536587e-09
41.0	0.9866030688407872	1.0285728392650701	0.0054534327628633725
42.0	0.844165546588919	0.4287139899133172	1.0000320624005559e-09
43.0	0.8203920759133255	0.4256319695012977	1.0000289225404055e-09
44.0	0.8000961423405194	0.42353592892755426	1.0007932534459652e-09
45.0	0.7808912872817446	0.4221088611415751	1.0000287559290041e-09
46.0	0.764975486288051	0.42241113958135856	1.0000603977901821e-09
47.0	0.746997002007219	0.4199098032970413	1.000028724497177e-09
48.0	0.8148010459872336	1.0365328139178878	0.005169091148464663
49.0	0.7524285870437641	0.42325764846870656	3.1305783753735887e-06
50.0	0.7893777599310058	1.0385138773133524	0.00469843819931759
51.0	0.7631491242737034	0.43063208142595516	2.0895530584301903e-06
52.0	0.7474986665967529	0.4292948876250236	2.1128897514321485e-06
53.0	0.7319131968163952	0.4282662556344061	2.1270565630404856e-06
54.0	0.747709383772029	0.43439236793694597	2.1704609116871275e-06
55.0	0.7337797009498177	0.43512471649006684	2.165226707466422e-06
56.0	0.7046262039224042	1.0475875320490529	0.004461654301059225
57.0	0.7422701343533138	0.4376494694446042	1.4238949895892848e-06
58.0	0.7288239927577832	0.4353223875416545	1.4465023711155781e-06
59.0	0.715813073713063	0.43508670019139273	1.4677959504787077e-06
60.0	0.7030222866792134	0.4352533188278175	1.4942851517738498e-06
61.0	0.7136834604056808	0.4339797467044983	1.5169186287591053e-06
62.0	0.7002059472380077	0.4317270959310642	1.5322021511585195e-06
63.0	0.6903628683833818	0.43403666172521443	1.5488930475309164e-06
64.0	0.677413938987546	0.432673584307452	1.5545895604357563e-06
65.0	0.6301866762193986	1.0567370674941798	0.005123749685441753
66.0	0.6811749863862117	0.44480013399900886	2.1370361109853788e-06
67.0	0.6694486393011255	0.4425674707867511	2.1631363574936565e-06
68.0	0.657528927781252	0.4408953059519068	2.1865284563104283e-06
69.0	0.6214325700395942	1.080418638228782	0.005524005867284699
70.0	0.6267247754116286	1.0881880912619837	0.005331744152070829
71.0	0.6847093410304175	0.4520495131837131	1.6515915390416106e-06
72.0	0.672950733021444	0.45156249632413575	1.6722481774205013e-06
73.0	0.6626625284357834	0.44939682801695896	1.692184352769441e-06
74.0	0.651159557719524	0.4483403395842741	1.7091183071910372e-06
75.0	0.6399188550982088	0.44807994191043443	1.7224320390867835e-06
76.0	0.6333951091378018	0.44623214324793437	1.7454717392582118e-06
77.0	0.6244127265509334	0.4478372808211657	1.7624148156446237e-06
78.0	0.6145479098906136	0.44747656502115934	1.7782289428337097e-06
79.0	0.608672275251299	0.446029135091952	1.8029233951874467e-06
80.0	0.5991558343054915	0.44572923398891906	1.818585864379064e-06
81.0	0.5903836575266155	0.4440677185285033	1.8379675604475867e-06
82.0	0.5335347349131158	1.0831030466372253	0.005377841807694955
83.0	0.6013439150900552	0.4450185096921517	2.1208362674842005e-06
84.0	0.5231867997966568	1.0871104052132043	0.005056874039263622
85.0	0.6027427635105717	0.45269630651018905	2.1115331459443755e-06
86.0	0.5932856419011275	0.45189058497545653	2.127610322966307e-06
87.0	0.5993651907450607	0.4521788602504889	1.8620985466740162e-06
88.0	0.5902054969502549	0.45167259224809586	1.8829784678813237e-06
89.0	0.5809594646123286	0.45194720168244434	1.8876099268652223e-06
90.0	0.5747808245268803	0.45309191926389286	1.887060606867492e-06
91.0	0.5855056893633623	0.4560050735696989	1.919662037671869e-06
92.0	0.5909961471961316	0.4586500289004275	1.9490195291808148e-06
93.0	0.5964495289772695	0.4609206802078527	1.99629592436896e-06
94.0	0.5981913368273011	0.46227727326467966	2.0382201906884184e-06
95.0	0.5892781373947795	0.4612192176116169	2.058265458507142e-06
96.0	0.5911688349769331	0.4614471578463445	2.0891377711150325e-06
97.0	0.6041123614524855	0.46254683480872416	2.063063000033489e-06
98.0	0.611067376882828	0.46518272785411807	2.090369218313569e-06
99.0	0.611281728778311	0.46568681485846397	2.1254204401415604e-06
100.0	0.6193645898821256	0.4655859421104562	2.1185031145600813e-06
101.0	0.6101282103974911	0.4658659144498278	2.1314742187123506e-06
102.0	0.6169589439424665	0.4697120521200393	2.138019758834122e-06
103.0	0.6082263636982207	0.468617135832027	2.1556181386676992e-06
104.0	0.6018258491030464	0.4675819275170622	2.1791287347549264e-06
105.0	0.6042807863330882	0.4690667883627493	2.222817941636757e-06
106.0	0.5954117997477868	0.4683029973421515	2.2310836147892045e-06
107.0	0.5895768290333547	0.46753028279248876	2.2543011050278875e-06
108.0	0.5902403891476733	0.46760494501558125	2.284895664987389e-06
109.0	0.5825051729734502	0.4676559117893586	2.2978667462820394e-06
110.0	0.5743690500106441	0.4679268356610542	2.3155193421781977e-06
111.0	0.567191562796419	0.4677121161568931	2.324878117896737e-06
112.0	0.5651219564593013	0.467090291042041	2.3539873788781534e-06
113.0	0.5593814865908611	0.4659238210582537	2.3774227602066704e-06
114.0	0.5639432122527598	0.46881137375697446	2.432775487080702e-06
115.0	0.5616387429336348	0.4681060577790326	2.449013440587944e-06
116.0	0.5542292355933117	0.46809336184656913	2.466016504346316e-06
117.0	0.5535414094497374	0.467351137082206	2.490254851656535e-06
118.0	0.5575341567413494	0.4705416325867542	2.533687337698386e-06
119.0	0.5610419588485491	0.4715452793370498	2.5703462754757903e-06
120.0	0.5054376123944508	1.0081420974850914	0.010735189683564078
121.0	0.5550548698620169	0.4832611713780222	5.011298841513967e-06
122.0	0.5474550329444652	0.4836721995401683	5.107886797998704e-06
123.0	0.539917646741005	0.4839531057268419	5.202291875632508e-06
124.0	0.49370085708653455	1.0260451919545814	0.010914495344563986
125.0	0.5464188449776135	0.48629759811939277	4.381451245752106e-06
126.0	0.5397989184666955	0.48627593463905827	4.466646716592712e-06
127.0	0.535877562349838	0.48583498726201846	4.551669804775894e-06
128.0	0.5318507719126477	0.4860746460280787	4.670427021060064e-06
129.0	0.5278039571357278	0.48545549122993364	4.75057182805144e-06
130.0	0.5246428926012261	0.48523119862496167	4.847542702786789e-06
131.0	0.48346589013140495	1.0247393681449348	0.010580816487317523
132.0	0.5250035928042793	0.483652864861053	3.7974709608843432e-06
133.0	0.524591036762297	0.48373378885441864	3.875648468069882e-06
134.0	0.5242755738955351	0.4842572149997163	3.975858720886101e-06
135.0	0.5275513061759949	0.4853678134077677	4.071648434570099e-06
136.0	0.5333757913986494	0.4835225599625055	3.888391481443999e-06
137.0	0.5287584244639458	0.48288275333551633	3.945973305212937e-06
138.0	0.5435953211600739	0.471563632525806	2.721417492882391e-06
139.0	0.5331780070282948	1.1378289170579334	0.015349156435780326
140.0	0.540923135552464	0.47736988887128473	2.9230675788484805e-06
141.0	0.5427701304511094	0.4772768518070938	2.9501876286541675e-06
142.0	0.5356804147030976	0.47692585030003015	2.9825524617202803e-06
143.0	0.5319782162382111	0.47651522885593656	3.0117082784337152e-06
144.0	0.5265183298933886	0.4760848801856593	3.046017756838074e-06
145.0	0.5276043273875661	0.48088969787817193	3.3657264221327772e-06
146.0	0.5237893611820122	0.4802386088689228	3.4066561247762574e-06
147.0	0.5197883358262503	0.48000339393941005	3.45559825410524e-06
148.0	0.513779774984522	0.48006568811378003	3.497493604686505e-06
149.0	0.5156893810786932	0.4811739266779286	3.5573974710032436e-06
150.0	0.5163147491988351	1.1466122635965013	0.015228087195712746
151.0	0.5184226514219498	0.48655592697327077	3.5285708784012615e-06
152.0	0.5184017537509845	0.48717325112748716	3.6036061963173703e-06
153.0	0.5170548676526845	0.4872240713668281	3.6657036678761562e-06
154.0	0.5219119351463688	1.1500780567327467	0.014740182065006841
155.0	0.5181869936598321	0.4870631149508541	3.0542330582864955e-06
156.0	0.5108159985688939	0.48669238371437457	3.0841990338251827e-06
157.0	0.5070854631063924	0.48624951791987236	3.116373940025443e-06
158.0	0.5024111473619036	0.48571748682842797	3.1476084375913177e-06
159.0	0.5065663128723341	0.48578406614461944	3.1291374036455243e-06
160.0	0.5127297802372737	0.48038362092248976	2.9379622800862886e-06
161.0	0.5070461507303936	0.4807555176216834	2.962863629980961e-06
162.0	0.5028969152723621	1.1656483670653741	0.014573614593449505
163.0	0.5035189989458985	0.48291848676418536	2.7465758506250137e-06
164.0	0.5055462335795198	0.4846497865953576	2.8121351959753106e-06
165.0	0.5036467340082158	0.4846154506884086	2.8520703819953e-06
166.0	0.5034107906276468	0.48507980359683783	2.9011559298382322e-06
167.0	0.4973175394983223	0.48442662404698733	2.920578735257561e-06
168.0	0.494476531588116	0.48298357064333886	2.927374389348254e-06
169.0	0.5004231169500506	1.1685394940003688	0.014550123723189668
170.0	0.4924127437552187	0.48444342351016545	2.784916713193406e-06
171.0	0.486925669178142	0.48334347157939384	2.797831951072384e-06
172.0	0.4904596574845213	0.48517995139803677	2.8880129924213814e-06
173.0	0.49015162792858663	0.4856501182209016	2.9393703778016013e-06
174.0	0.4897811610586099	0.4860660449959787	2.9892373547808863e-06
175.0	0.49003130094298675	0.4865935400334679	3.0412774294891376e-06
176.0	0.49272520451156215	0.4867692374870419	3.049031244989083e-06
177.0	0.4897930022092965	0.4863362921670742	3.080600196164766e-06
178.0	0.49146424896510715	0.4874709424971348	3.1382956221071354e-06
179.0	0.5016735746279856	1.1170625507715726	0.013518481634663166
180.0	0.49099598560925617	0.4897036570006811	3.0053726875461454e-06
181.0	0.49258433848711114	0.49102704597859886	3.0671380020749457e-06
182.0	0.49176571593925766	0.4881506787065486	3.4405481940998847e-06
183.0	0.4918730961672333	0.4880976434461184	3.4803155765347744e-06
184.0	0.4886935457334915	0.4878240371019015	3.5385574323565747e-06
185.0	0.48452027389399455	0.48724961127477723	3.582975583221633e-06
186.0	0.4864734467944133	0.49025880020550294	3.762165582163746e-06
187.0	0.5005751176832354	1.1060984708033366	0.012588813825081487
188.0	0.4803616237378943	0.5032864282581385	7.149446945190191e-06
189.0	0.47933039705938363	0.5034733433367296	7.288141981105224e-06
190.0	0.4740711624418206	0.5027995605642674	7.351008626790426e-06
191.0	0.4976412643536335	1.1124171059164474	0.012354642076819576
192.0	0.47198485410501556	0.5033534173327676	6.8065611337167005e-06
193.0	0.4708564734799151	0.503633329437768	6.916603184395057e-06
194.0	0.46843338422151676	0.5032588231863621	6.988684603036575e-06
195.0	0.46749455694375425	0.5029401408363195	7.042682244927385e-06
196.0	0.46665959567741044	0.5033409841112171	7.172783673586995e-06
197.0	0.46916919946405833	0.5025264876242788	7.035066846241715e-06
198.0	0.5073835822029589	1.1301851040944295	0.0124034207005337
199.0	0.4663075685984558	0.5022023311282802	6.342947658356238e-06
200.0	0.46376378837510557	0.5022693943838935	6.427971832621862e-06
201.0	0.4639014234950841	0.5026230144060162	6.511555467814672e-06
202.0	0.5127473226853073	1.1252420845159388	0.011786198590732766
203.0	0.5106878480091293	1.1206109684036991	0.011304172564722863
204.0	0.4665890256244859	0.5077180810974788	6.800859844121889e-06
205.0	0.4665169701009759	0.5080997641219954	6.903979968368047e-06
206.0	0.46770841015511455	0.5091345626684415	7.062821235315914e-06
207.0	0.4639364216325772	0.508165036944993	7.10434385467382e-06
208.0	0.45962472974668517	0.5075571083289274	7.147399279026378e-06
209.0	0.45623705450518415	0.5069909806896429	7.199310435935952e-06
210.0	0.4540905765376989	0.506752063428655	7.272387919923125e-06
211.0	0.450450327948976	0.5062503546065868	7.327267527342941e-06
212.0	0.4463191711431634	0.5057626464481362	7.375986573642319e-06
213.0	0.5036215164129458	1.1282476962571861	0.011038930823232037
214.0	0.4434086864903226	0.5062848848269035	7.029594105773842e-06
215.0	0.43984133276810666	0.5052149388400307	7.0399474929588e-06
216.0	0.44447703524961724	0.5066146317712799	7.109008578376704e-06
217.0	0.4407509240372802	0.5055235808112923	7.126506759274487e-06
218.0	0.4391424213752433	0.5054133169074606	7.197943289319497e-06
219.0	0.44233236202416804	0.506431563963695	7.284702523619239e-06
220.0	0.4397840489695607	0.5062261590673991	7.35305572069865e-06
221.0	0.4388498847015801	0.5064743311191214	7.44904935871403e-06
222.0	0.4349182252762915	0.5052556482678855	7.455046382584889e-06
223.0	0.43142615224493847	0.5045409844112135	7.491766825970796e-06
224.0	0.4266964865796681	0.5039698422060651	7.521115773320329e-06
225.0	0.5065332495714415	1.0964483676178656	0.010174710416352937
226.0	0.42577859559998976	0.5036664637745591	6.8067514329270435e-06
227.0	0.4245319255741579	0.5037666928729789	6.885927216492638e-06
228.0	0.425427107943966	0.5048987149118377	7.007991347902877e-06
229.0	0.42490782376040387	0.5052379087017023	7.100404887506321e-06
230.0	0.5112213214343331	1.099016097522118	0.0097675132845012
231.0	0.4247072951325743	0.5054288377193606	6.5344773692932185e-06
232.0	0.42161842344835604	0.5050279148492824	6.577781615128353e-06
233.0	0.4254039071820835	0.5054444061014877	6.589312284529206e-06
234.0	0.4214061490499365	0.5051657927798159	6.6194216542135706e-06
235.0	0.42118476963176643	0.5046438600097156	6.6194681744738724e-06
236.0	0.42258721089496926	0.5064128875442754	6.679666182769191e-06
237.0	0.4192302481522623	0.506183735308507	6.725289422767121e-06
238.0	0.4206509965508863	0.5076237512606452	6.843968807860282e-06
239.0	0.5043204114613277	1.0694744560750453	0.008778457215062551
240.0	0.41985842235404197	0.5093348131747015	6.872834857014333e-06
241.0	0.4208237997386253	0.5097141920269883	6.971568531229246e-06
242.0	0.4169446653664795	0.5089669225861672	6.99507838667668e-06
243.0	0.41458765299236267	0.5086019776772525	7.043378635887964e-06
244.0	0.5076185457677386	1.0751894200379883	0.008613929638301775
245.0	0.4166337534799929	0.5097691578650708	7.073204316947538e-06
246.0	0.5140092132280876	1.1038943422290046	0.010036558707940384
