Iteration	GP_regression.Mat52.variance	GP_regression.Mat52.lengthscale	GP_regression.Gaussian_noise.variance
1.0	1.7826189125260914	0.9185454479180426	4.8178527802545774e-05
2.0	1.7826189125260914	0.9185454479180426	4.8178527802545774e-05
3.0	1.3839336594183678	0.8783770340309109	5.25521127493631e-05
4.0	1.9240778088379282	1.053557805421638	4.122529085423641e-05
5.0	2.537907454868055	1.202370337726924	3.675835116723125e-05
6.0	2.0794044472636037	1.1070161617031102	3.192660278542528e-05
7.0	3.0083752412233884	1.3456816014900095	0.0014073098274108393
8.0	1.3321136928515052	0.7460771569208249	3.531551659332374e-05
9.0	3.256197491704445	1.4099093946947048	0.0013394854507968663
10.0	1.1000278068398694	0.5679289760858244	1.000041595923194e-09
11.0	1.127011896235476	0.5536794836481465	1.0000473885608747e-09
12.0	1.1036541226844263	0.5481565864921366	1.0067427149446434e-09
13.0	3.7318000784846213	1.426623736662428	0.0014418777838551852
14.0	1.2129052565481049	0.5754449307814083	1.0000000000002662e-09
15.0	1.2913293079802475	0.5791606445407897	1.000026746994671e-09
16.0	1.2701876103654193	0.5730355036225375	1.0000014161818468e-09
17.0	1.3190254081124202	0.5820502406546543	1.0000002468874887e-09
18.0	1.4081356728347414	0.5936429727219628	1.000039806538627e-09
19.0	1.4889516784225247	0.6067942341793053	1.0000166087602372e-09
20.0	1.4824336596185774	0.6067810040831421	1.0000019745200728e-09
21.0	1.4103887936540553	0.6163349111724972	1.0000000000000052e-09
22.0	1.5164243793883903	0.6146195360995357	1.0000004424381688e-09
23.0	1.4881444302365499	0.6307742347926405	1.000001039261923e-09
24.0	1.586649327525218	0.6443413996081963	1.0000124121522844e-09
25.0	1.4588970878119218	0.6063741437002321	1.000002861028294e-09
26.0	1.3096957679206878	0.5178975761595096	1.0000022947699493e-09
27.0	1.3442503257597065	0.523416259108593	1.000001277669931e-09
28.0	1.4004717465357999	0.5345788669497854	1.0000013734917589e-09
29.0	1.3398369165185167	0.530755860448497	1.0000012897795384e-09
30.0	1.3912289760417071	0.543025895650474	1.0000022813067798e-09
31.0	1.4427427337450538	0.544936072424141	1.0000006315021676e-09
32.0	1.444855803522018	0.5435162468436869	1.0000005349108765e-09
33.0	1.4498718646389934	0.5444216204481032	1.0000042617524109e-09
34.0	1.4645087822095653	0.5441930300223603	1.0000003339338808e-09
35.0	1.4878545762016546	0.5451524921345672	1.0000005925327687e-09
36.0	1.5392033241050511	0.5536339632163237	1.0000005560564713e-09
37.0	1.5422287840911197	0.5357441128922444	1.000000499328096e-09
38.0	1.5663980710570313	0.5273557633808549	1.0000005075930211e-09
39.0	1.3877266307462868	0.5230431316740948	1e-09
40.0	1.3823601395742848	0.5215849327546649	1.000000303818534e-09
41.0	1.396142405525055	0.521529602344394	1.0000004629832222e-09
42.0	1.378843652430353	0.5200098356298655	1.0000007938030225e-09
43.0	1.4207826788232847	0.5256902014264035	1.0000007228630464e-09
44.0	1.4194614356940443	0.5240867801275906	1.0000025659003222e-09
45.0	1.416779540166031	0.5247752849278324	1.0000015076761661e-09
46.0	1.3056183999905464	0.524097002643195	1.0000002048976577e-09
47.0	1.3322931520602557	0.5308354737653246	1.0000006521635577e-09
48.0	1.366722258731581	0.5355195726391858	1e-09
49.0	1.3969511033314002	0.5397245469556612	1.000005810755232e-09
50.0	1.3142947788053607	0.5408139536844734	1.0000014739910873e-09
51.0	1.29524556037278	0.5395904916847765	1.0000870176995892e-09
52.0	1.3204721925826595	0.5457532929368861	1.0000001546181718e-09
53.0	1.342483514815973	0.548511457010348	1.0000014941036807e-09
54.0	3.724692364692329	1.1107270150463229	0.00561765055436835
55.0	1.2454684021428604	0.4891531306055398	1.000002330624174e-09
56.0	1.2538013548599904	0.48846580744118967	1.0000008063252042e-09
57.0	1.2659520377697364	0.4901122228924437	1e-09
58.0	1.2764880157022667	0.49152590771569327	1.000001088481613e-09
59.0	1.298271477248577	0.493749051188515	1.0000007079142497e-09
60.0	1.3181869460686448	0.49616762278252613	1.0000007180317218e-09
61.0	1.3454507427715756	0.5001361770889421	1e-09
62.0	1.3688806393069697	0.5048004958694292	1e-09
63.0	1.3908129810669485	0.5070427564820024	1.0000005637808344e-09
64.0	1.402518199984472	0.5079670149088573	1.000000968096547e-09
65.0	1.4198941862657628	0.5095159557243462	1.000045322870574e-09
66.0	1.425804156382715	0.5104535453557126	1.0000000793243188e-09
67.0	1.44775694484838	0.5134374344685739	1.0000010409931173e-09
68.0	1.4663864002230644	0.5130116448119575	1.0000007977469458e-09
69.0	1.464394292504052	0.5134391233117608	1.000000480806756e-09
70.0	1.4912151165416276	0.5162062512929175	1.000000000003545e-09
71.0	1.5137270180611677	0.5204643199105476	1.0000019278474272e-09
72.0	1.520572409534879	0.5213917647956494	1.000000000000012e-09
73.0	1.5322400999913368	0.5194641144784667	1.0000006730079393e-09
74.0	1.4400262631331142	0.5171643153214052	1e-09
75.0	1.447716589146052	0.5170120284172142	1.000001016494651e-09
76.0	1.4603328362085923	0.5148247348762021	1.0000009637525706e-09
77.0	1.4865646463635969	0.5179417795856252	1.0000009950831114e-09
78.0	1.3736140268328747	0.5148573418152192	1.0000014227124063e-09
79.0	1.3844749393102087	0.5159187077269174	1.0000014008868084e-09
80.0	1.3996556965089664	0.5167331783639952	1.0000000083059204e-09
81.0	1.3252423581298467	0.5157217441540888	1.0000017641055913e-09
82.0	1.2674430800084309	0.515990324064635	1.0000014893097609e-09
83.0	1.2484291675853467	0.5154756230740254	1.000000840445788e-09
84.0	1.2586454162079677	0.5165733085697688	1.0000018224863665e-09
85.0	1.2647586862160936	0.5099421756976629	1.0000016588334156e-09
86.0	1.2843235346913273	0.5129309698901994	1.0000016868770906e-09
87.0	1.2580724571677844	0.511970565798747	1.0000010374640966e-09
88.0	1.2303258042019307	0.5112267023108732	1.0000018226579397e-09
89.0	1.2401926790092364	0.512456036044681	1.0000016513088754e-09
90.0	1.212071801056005	0.5118232401942175	1.0000015306537265e-09
91.0	1.226732563176019	0.5148904009414884	1.0000025349169704e-09
92.0	1.160193587598192	0.512822585344153	1.000001307395301e-09
93.0	1.1740586639627566	0.5161456600245858	1.0000025574470606e-09
94.0	1.1839082822303018	0.5062189562420878	1.0000019689896859e-09
95.0	1.2009896618696785	0.5084619222329338	1e-09
96.0	1.2150219320866562	0.5092759150839834	1e-09
97.0	1.2325811710599093	0.5098012926991358	1.000000000000001e-09
98.0	1.2493043679156348	0.5125241241199648	1e-09
99.0	1.2323305186110063	0.5125036419203944	1.0000018429703435e-09
100.0	1.2471968165591034	0.5148669749251122	1.0000018637123397e-09
101.0	1.2619657806021816	0.5147645478698246	1.0000127679814354e-09
102.0	1.2780960940141848	0.516666441888522	1.000002418211727e-09
103.0	1.2848400659451042	0.5175178569424365	1.000007384685325e-09
104.0	1.289290254428624	0.5181921304403728	1.00000000000108e-09
105.0	1.2681170503774748	0.518038229184399	1.0000029789156716e-09
106.0	1.2826767320392438	0.5197644868397623	1.0000000190889265e-09
107.0	1.2195762057025419	0.5178516978232117	1.0000018461029878e-09
108.0	1.2334528730411294	0.5187381913387187	1.0000023851003788e-09
109.0	1.2453315198118295	0.5201251044197184	1.0000065893674586e-09
110.0	1.2111213646340422	0.5189204337673977	1.0000000000922561e-09
111.0	1.2256069656412931	0.5214932291659563	1e-09
112.0	1.2384761924444394	0.5242850063529239	1.0000032402424169e-09
113.0	1.2470702551841006	0.5251838697648387	1.0000002176352397e-09
114.0	1.2627155326367894	0.5275137710741588	1.000002008733411e-09
115.0	1.2648960589450653	0.5279673270993652	1.0000030657073562e-09
116.0	1.2590726638705139	0.5276137512987966	1e-09
117.0	1.2100900040351912	0.5009266123315631	1.0000046914339836e-09
118.0	1.2185495143644722	0.5018703770894466	1.000001927256671e-09
119.0	1.2229668156212699	0.4977115269645374	1.000002628176549e-09
120.0	1.236411722006308	0.5000826713699472	1.0000016259714018e-09
121.0	1.2400908412038574	0.5007114071989038	1.0000044249663724e-09
122.0	1.2538934566287032	0.5030208732737005	1.0000189914939817e-09
123.0	1.2374509838916206	0.5029139850223033	1.0000000009360831e-09
124.0	1.251773345500294	0.5047084348607538	1.0000029697741922e-09
125.0	1.265907575025059	0.5062278478870568	1.0000022304048888e-09
126.0	1.279436032788252	0.5076825913007362	1.0000023736399879e-09
127.0	1.261785342853065	0.5079137612200855	1.0000031217513526e-09
128.0	1.2108253050130808	0.5067929051811955	1.0000032015924298e-09
129.0	1.218569087339395	0.5072043744901397	1.0000252140800753e-09
130.0	1.225161006196375	0.5024247099111239	1.0000000000000003e-09
131.0	1.2379817438492118	0.5038676595713446	1.0000046237194583e-09
132.0	1.1992749691862716	0.49832011870512644	1.0000000589667436e-09
133.0	1.210187518109826	0.4960534031795857	1.0000000000000236e-09
134.0	1.2211848910959155	0.4972597314173727	1.0000024686058629e-09
135.0	1.1928798198877293	0.4968942075873828	1.0000069726046806e-09
136.0	1.20496617346247	0.4984142446526628	1e-09
137.0	1.2170032784725395	0.49977573299497635	1.000003061107754e-09
138.0	1.2281714447681278	0.5009546864027761	1e-09
139.0	1.2390485219322094	0.5031333045611146	1e-09
140.0	1.2458779720419744	0.5007944226029796	1.0000015604621104e-09
141.0	1.258594781891944	0.5026889464634209	1.0000061307704665e-09
142.0	1.269488445913985	0.5038157307288011	1.0000038892664815e-09
143.0	1.2828917171315948	0.5048127886828356	1.00000390210432e-09
144.0	1.2859195120940117	0.5052831938221259	1.0000039085899446e-09
145.0	1.289043465340606	0.5058269197265269	1e-09
146.0	1.3003545026399113	0.5071816168571589	1.0000094775602013e-09
147.0	1.312255296244778	0.508689191770853	1.0000053339477944e-09
148.0	1.3237645302231276	0.5108131108972599	1.0000051732787902e-09
149.0	1.3424146453547874	0.5122831477392848	1.0001183477620864e-09
150.0	1.2945958824953305	0.5114604468185862	1.0000032056601197e-09
151.0	1.3067307851960237	0.5134608080497522	1.0000029039764396e-09
152.0	1.3160638518734746	0.5143897064639751	1.0000037582759528e-09
153.0	1.277168395491734	0.5141771575994727	1.0000026571738414e-09
154.0	1.2905687217181583	0.5154158841773702	1.0000000095406268e-09
155.0	1.303522568927599	0.5171609146332932	1e-09
156.0	1.310979116105525	0.5179722328064341	1.0000031401593332e-09
157.0	1.3211913816848848	0.518785653968463	1.0000260357867027e-09
158.0	1.2156306633927796	0.5031197731422858	1.0000000508169336e-09
159.0	1.2261970035063836	0.5049095083946571	1.000003810324654e-09
160.0	1.2360246590139878	0.5066112383531364	1.0000077082899801e-09
161.0	1.172696736313912	0.49713121681731565	1.000003374328435e-09
162.0	1.1525073854415355	0.49690830419071785	1e-09
163.0	1.1607197935907614	0.49871576480235325	1.0000054507489665e-09
164.0	1.1692027130663907	0.4996270764096159	1.0000052519108477e-09
165.0	1.1744285672870947	0.5000648966093735	1.0000062212797967e-09
166.0	1.1592609794988324	0.5000223663773715	1e-09
167.0	1.1688247707983686	0.5011330906970363	1.0000263669459093e-09
168.0	1.165661725276267	0.4990198371593276	1.0000055023923424e-09
169.0	1.1744117933705756	0.49997770058621227	1.0000451943364006e-09
170.0	1.1794806366693933	0.50058789992108	1.00003650850659e-09
171.0	1.1875803609338207	0.5023281926768466	1.0000040709030496e-09
172.0	1.195734759769804	0.502831691584848	1.0000047662026949e-09
173.0	1.2013426698853884	0.5034007843379547	1.0000047816159807e-09
174.0	1.2113468625303878	0.5044564335942138	1.000000848153502e-09
175.0	1.2115416542898234	0.5048559592251778	1.0000117655022054e-09
176.0	1.2193004620392607	0.5064977700975957	1.0000000002866192e-09
177.0	1.229781500171143	0.5078007270327332	1.0000192408267097e-09
178.0	1.240748707908066	0.508654436306924	1.0000054298682564e-09
179.0	1.2474324700319468	0.5093350429639016	1.0000263091801462e-09
180.0	1.2571683268423721	0.5107771364186947	1.0000078843078073e-09
181.0	1.26627015540073	0.5122717287882161	1.0000002251192804e-09
182.0	1.2417363355238193	0.5120343071074857	1.000004623768943e-09
183.0	1.2517493750598476	0.5131936936677305	1.0000067843232622e-09
184.0	1.2284728878564084	0.512682229487601	1.0000066539919944e-09
185.0	1.2272777542146838	0.5130341156363443	1.0000053936421458e-09
186.0	1.2224715216942332	0.5128030843411642	1.0000066250990267e-09
187.0	1.2344814935508652	0.5136902794021583	1.0000076227448685e-09
188.0	1.2307124467753758	0.5145574197460541	1.0000066523694983e-09
189.0	1.240320016364332	0.5155916724317926	1.000000046192848e-09
190.0	1.1795378545323034	0.4978884395790514	1.0000079295372584e-09
191.0	1.184217013402954	0.4984400944477236	1e-09
192.0	1.1931612438475079	0.49957888410016704	1.0000054309901623e-09
193.0	1.1998889719422179	0.5002825256712984	1.000009366310487e-09
194.0	1.1998555714297243	0.49874152948226197	1.0000074640903176e-09
195.0	1.2089917898607352	0.4999235550937515	1.0000066942383784e-09
196.0	1.2152715639122786	0.5012344331153523	1.000011240099908e-09
197.0	1.208974391693959	0.5022342978671676	1.0000000481929254e-09
198.0	1.2181529949792278	0.5030037943695016	1.0000007795827813e-09
199.0	1.22358273191731	0.5035625687906854	1e-09
200.0	1.2281284524098435	0.5036039582884538	1.0000000002766384e-09
201.0	1.2343373399507975	0.5042554796485792	1.0000030980767573e-09
202.0	1.224110817154613	0.5002123150287607	1.0000158630974158e-09
203.0	1.2342560501879754	0.5010851933760165	1.000004696877061e-09
204.0	1.2421612578537213	0.5024164695876628	1.0000000181649177e-09
205.0	1.2209599381519247	0.5022998428672922	1.0000065521570555e-09
206.0	1.2259908860602724	0.5028462736329755	1.0000099250427838e-09
207.0	1.2295212743980968	0.502825124024481	1.0000000000241492e-09
208.0	1.2364421018018341	0.5042331978886051	1.0000158315689615e-09
209.0	1.2441585552655565	0.5055720795567598	1.0000000070038959e-09
210.0	1.2537853124468565	0.506056340801898	1.0000105304376776e-09
211.0	1.2616197779477598	0.5067974315433228	1.000000000000183e-09
212.0	1.2681357203723542	0.5074491743366989	1.0000086920715685e-09
213.0	1.2634546468755308	0.5074869473431971	1.0000047379560012e-09
214.0	1.2719897994324245	0.5082501654019119	1.0000060444052423e-09
215.0	1.280476956768826	0.5090934910131866	1.000003053563299e-09
216.0	1.289109562024738	0.5102861724470233	1.000000052679827e-09
217.0	1.2973590544554296	0.5115165330346092	1.0000095951041914e-09
218.0	1.3056785632069334	0.5126081140774916	1.0000108274438968e-09
219.0	1.2774612093360695	0.5117202174838709	1.0000124582970534e-09
220.0	1.2837122243747678	0.5116699796755846	1.0000048631185009e-09
221.0	1.291932873137584	0.5128603116943429	1.0000051454629251e-09
222.0	1.2875943778865648	0.5105307466606032	1.000000250918557e-09
223.0	1.2896142495735488	0.5108683703459362	1.000000014341774e-09
224.0	1.2983800162666526	0.5117589588085971	1.0000047186190927e-09
225.0	1.3071881365169247	0.5126414969135892	1e-09
226.0	1.3139913356550765	0.5139238748043771	1.0000072014441933e-09
227.0	1.3211378547618389	0.5152112800708244	1e-09
228.0	1.3149293699318325	0.5152628285568452	1.0000052157527877e-09
229.0	1.320962187449891	0.5159665159684753	1.0000041713745523e-09
230.0	1.3296342112291049	0.5168049377814016	1.0000080836995087e-09
231.0	1.3261357163768057	0.5165376779520178	1.0000075734940164e-09
232.0	1.3221331908601368	0.5145667971905725	1.0000079704056564e-09
233.0	1.3308226322519285	0.5153897714128413	1.0000084499485683e-09
234.0	1.336596770742661	0.5159094123244398	1e-09
235.0	1.3447175343605715	0.5166325565322948	1.0000000166116612e-09
236.0	1.3533647400883817	0.5177166826288493	1.000000000000088e-09
237.0	1.3560471669456473	0.5180485460765839	1.0000063141366426e-09
238.0	1.320486874393982	0.5173675891892234	1.000005916388928e-09
239.0	1.3276232712291927	0.5182945708676914	1.0000000000007332e-09
240.0	1.31059478899604	0.5182212088468197	1.000008256540168e-09
241.0	1.3157684280029873	0.518746120948399	1.0000067494861907e-09
