Iteration	GP_regression.Mat52.variance	GP_regression.Mat52.lengthscale	GP_regression.Gaussian_noise.variance
1.0	1.056700137828505	0.43450536993719213	1.0000000001052797e-09
2.0	1.056700137828505	0.43450536993719213	1.0000000001052797e-09
3.0	1.2592403659924711	0.5468751113436173	1.0999999927706233e-09
4.0	1.033427136717214	0.3191601705480122	1.0999999983410892e-09
5.0	1.0442464549106374	0.3698627343319649	1.0999999996281279e-09
6.0	1.1117417720918414	0.3319709092206521	1.0999999978174773e-09
7.0	0.986772497342455	0.1597433549819535	1.0999999997752926e-09
8.0	0.9862604507203443	0.3167764872238438	0.1359829253995107
9.0	0.9678556932339534	0.2614095360607623	0.13614095502973567
10.0	1.017249362681431	0.216728990496085	0.0904617011837544
11.0	1.0429529503205073	0.1700419944089735	0.04892754484539205
12.0	1.1226490037358798	0.18309636413132496	0.03529569971796861
13.0	1.214343122570327	0.20294149730714747	0.03624058205580402
14.0	1.300754421183236	0.21097964480752138	0.029697669854177287
15.0	1.2133372494684114	0.21265515576930288	0.026571288492785432
16.0	1.1965206130196948	0.22925921664283952	0.022411567155719264
17.0	1.0963775077502664	0.22040892805613257	0.022320266027307172
18.0	1.152334073871811	0.2229152452251102	0.02082644307612458
19.0	1.0935455622681594	0.22769068877401907	0.020014114223632067
20.0	1.1695283038266375	0.24068935725992188	0.017816126360543295
21.0	1.0909694217514063	0.236806788809814	0.017723605002658537
22.0	1.0260798551085202	0.23414387292339267	0.017956640918514767
23.0	1.1260541727091256	0.2721310748377487	0.027716799126442017
24.0	1.2194262908733615	0.3242916235219767	0.04319240284478492
25.0	1.2879554468555334	0.3343534780432821	0.040381885859428944
26.0	1.3494504750709961	0.33858104775878095	0.037638390391990614
27.0	1.281545395820433	0.35164046627215934	0.03475474217539321
28.0	1.340761861447466	0.3574080378383159	0.03240183254670949
29.0	1.3973437820608359	0.3807859504926706	0.03994028726294333
30.0	1.45652020855527	0.38537004338181924	0.03784484702567786
31.0	1.509837636869395	0.40253900486592076	0.04234312624803877
32.0	1.5622599402794506	0.4050221432973302	0.04207784077315867
33.0	1.6145266229547182	0.40839213237145466	0.041830652329562575
34.0	1.672531232844455	0.41217951370204137	0.04107318735021987
35.0	1.7303177847155657	0.41417381502676764	0.03939908184471564
36.0	1.787098875739649	0.4156042287513675	0.03799850934485225
37.0	1.8425944583654559	0.4169626129997991	0.03705114978144023
38.0	1.9006003449779718	0.4190842412395941	0.03601891581076941
39.0	1.956621292856529	0.4199082240779513	0.035170349216059146
40.0	2.014364791150926	0.4210160975739643	0.03410280549473737
41.0	1.857323212902194	0.426811992085695	0.03294961402764582
42.0	1.9065801528597774	0.43249137947646693	0.03404694020116266
43.0	1.9313177898091116	0.4548287632400959	0.04458920050768329
44.0	1.976558820451248	0.4582968337550467	0.04481446643981524
45.0	2.0256724000143937	0.4600107825390205	0.04684395423239225
46.0	2.075296351976804	0.46305857532777916	0.04727816173392111
47.0	2.1270162146315448	0.464496809931064	0.04667354886992102
48.0	2.1756908252988856	0.46812311171212195	0.04706100917273159
49.0	2.228360785725304	0.46792963640896684	0.04607760548547285
50.0	2.279413601517378	0.467166734781878	0.04562962109141348
51.0	2.324144553706339	0.4728080101469918	0.04679286469899991
52.0	2.3768118733922394	0.47258473106614685	0.04593802864874865
53.0	2.4285105533697044	0.47165411503171395	0.045457130104273116
54.0	2.475953797640421	0.47522048417292595	0.045806307030001124
55.0	2.5250857775631355	0.4776502405564458	0.04583332442776865
56.0	2.577851120554787	0.47731891875557636	0.045121252488712675
57.0	2.626383525307335	0.4762757706451681	0.04577661671773496
58.0	2.6768109371436215	0.4746892260785243	0.04614464634470486
59.0	2.7273575703805752	0.4759630773046145	0.04577801158170709
60.0	2.7729489257092985	0.4797116092147753	0.046152813377817736
61.0	2.8256361886381245	0.4782897761566679	0.04584843636718098
62.0	2.8713817690869052	0.4817236796882799	0.04619611939996586
63.0	2.9183110257651403	0.4844903915025643	0.046482736781915605
64.0	2.9695379788371046	0.4833720368055008	0.046421113311358043
65.0	3.012583456219884	0.4829341022564312	0.04853982285152679
66.0	3.0572619613327587	0.4863148236106688	0.0490907494176157
67.0	3.1097669823814273	0.48591225091078427	0.04858005971058067
68.0	3.1610209084804337	0.4845089311725671	0.048720998187744495
69.0	3.206652468399196	0.48726373416391566	0.049025962440342144
70.0	3.2466834630316264	0.49192577880593613	0.050322369629594355
71.0	3.297611625648393	0.4923372569882725	0.05006099062290693
72.0	3.3430473788722654	0.49483554459922513	0.050686995291578864
73.0	3.3694731180915967	0.5030088928228803	0.0548112587032804
74.0	3.3940920542034365	0.5078143242976734	0.05863622727598314
75.0	3.4456714623085167	0.5073834254467886	0.058270036957307286
76.0	3.488924638036543	0.5091684701266987	0.05847412399637489
77.0	3.539381028839329	0.5079243530927537	0.05981759748406426
78.0	3.5902607186516575	0.5078197685675656	0.05976032338788032
79.0	3.63824563912536	0.508632775168577	0.06027626381892031
80.0	3.676906553979609	0.5099073997953236	0.061727860664318894
81.0	3.72666000510738	0.5097830306740436	0.061378398433710006
82.0	3.7619515724850325	0.5121580941023165	0.06301040529040562
83.0	3.8084224085776865	0.5121558769998753	0.064680300301529
84.0	3.857935769365999	0.5119849920854725	0.06436176587201128
85.0	3.9087698889144384	0.5117839649386211	0.0641577615368886
86.0	3.9544384081196027	0.5129496667706711	0.06496527885485494
87.0	4.0050590107737465	0.5128370186839566	0.06472871260911593
88.0	4.0561676914880005	0.5123111494531964	0.06436786794922998
89.0	4.1070199149718345	0.5116457840791148	0.06408280914121467
90.0	4.157032072923466	0.5117657734664904	0.06390166128231338
91.0	4.208367230342174	0.5113494113679076	0.06357040512378444
92.0	4.260162025842746	0.5106377504975103	0.06324312259029245
93.0	4.31153327976318	0.5102518155732592	0.06293328361585658
94.0	4.364055757865606	0.5092133680001837	0.06265286766793847
95.0	4.397752616877324	0.5135835248425332	0.0640213938849194
96.0	4.445948083320301	0.5127749437553829	0.06431826783353925
97.0	4.447584964653779	0.5229710628858373	0.07049193068655334
98.0	4.494348925409839	0.5231138366130792	0.07137680089289217
99.0	4.544413042396526	0.5227518523375769	0.07107751531300767
100.0	4.587785187024645	0.5238748468401095	0.07213372843520365
101.0	4.638414888131202	0.5235047279196325	0.07185590174324877
102.0	4.6865817869195965	0.5230666281878162	0.07184459576658403
103.0	4.731994000816419	0.5228513987071486	0.072191660090951
104.0	4.782629707657976	0.5224510508120279	0.07191365953635283
105.0	4.83156858229416	0.5219145781221962	0.07184677108436614
106.0	4.88054553355142	0.5220448066235079	0.0718069449220128
107.0	4.919192630630329	0.5221702359544894	0.07320285909481634
108.0	4.969125309315619	0.5220225439044925	0.07303678146435713
109.0	5.019754132006556	0.5214221946298827	0.07280092792629157
110.0	5.069805463217347	0.5206606050106501	0.07270542341530999
111.0	5.116414932530925	0.5198275806358064	0.07321371620746232
112.0	5.167788837611307	0.5191141753774239	0.07297110137457366
113.0	5.216545908160259	0.5177916904543474	0.07343874901683377
114.0	5.2547668843670525	0.5202065061605785	0.07413670844320848
115.0	5.305667681972968	0.519731514995147	0.07389693066730108
116.0	5.347264852465944	0.5213595396384714	0.07439491768507883
117.0	5.3966884008299045	0.5213216289486684	0.07425110353518166
118.0	5.443974922304131	0.5217744502095419	0.07427910863423268
119.0	5.495198537910101	0.5209850997849587	0.07409956190749849
120.0	5.54524384883593	0.5207848703921755	0.07391446625025165
121.0	5.579093600624779	0.5236806572579947	0.07504894400003732
122.0	5.60739763709699	0.5243055858284458	0.07770624997014262
123.0	5.657740932435207	0.5238823319541366	0.07748935962537119
124.0	5.69620911088661	0.5255925791709246	0.07853405980066165
125.0	5.745932981465344	0.5250880415696916	0.0783752263324975
126.0	5.789185035920526	0.5247862756468181	0.07902226636258235
127.0	5.8293780710558565	0.5247159364296328	0.08000423529531296
128.0	5.879033592010163	0.5245007781170359	0.07985706239499991
129.0	5.92800539015169	0.5244400059162313	0.07977303494798771
130.0	5.977292057452129	0.5238091731917881	0.07974378492239906
131.0	6.027516562645126	0.5231285111829501	0.0796385461345871
132.0	6.076667253412919	0.5222362596587605	0.0797958464487565
133.0	6.123501570034105	0.5226126585729268	0.07980978221183488
134.0	6.17011951697831	0.5230137151673244	0.07984117131394491
135.0	6.219627216045248	0.5228395104283043	0.07969332246439993
136.0	6.268904516167118	0.5217038229980939	0.08001324932078391
137.0	6.315375392986328	0.5221317561493545	0.08000729251858149
138.0	6.360125031437051	0.5228562233983717	0.08011722149551408
139.0	6.409283848025476	0.5216188357772816	0.08053550282547962
140.0	6.461302934525614	0.520002371760346	0.08083728615261952
141.0	6.515525268261326	0.5186765769944249	0.08071530214620284
142.0	6.564484799527381	0.5186349268325524	0.08057983689020663
143.0	6.583855566056754	0.5232543291890124	0.08188521182575349
144.0	6.633046626608299	0.5231181689194513	0.08175692600847383
145.0	6.680433960531084	0.5218955981683192	0.08242959192918564
146.0	6.73243481017395	0.5210989617836914	0.08227751792852721
147.0	6.786403463713758	0.5196363762080319	0.08228275640460918
148.0	6.841151499034107	0.5183172274724206	0.08216002412742984
149.0	6.899274987227413	0.514123413665429	0.08379833555061258
150.0	6.969357496249365	0.5100739354898304	0.0838442197774223
151.0	7.031093024436218	0.5079771038768637	0.08364762974063814
152.0	7.122421654109395	0.5010242258042132	0.08370739567245566
153.0	7.158453514731186	0.5029429908225631	0.08368290334811786
154.0	7.199941741893467	0.5040697804954565	0.08361328049683053
155.0	6.438067460223678	0.5148050063242307	0.07780812792958959
156.0	6.400112281296863	0.5273882019241716	0.0799793433621219
157.0	6.434795847116867	0.5288610480373255	0.08017302758342316
158.0	6.47189700628274	0.5264123528859058	0.08277921470152816
159.0	6.521594873647618	0.525072740820724	0.0826393230533191
160.0	6.563231369781765	0.5253342387837662	0.0825506893980371
161.0	6.615655359345839	0.5234678486880663	0.08245560195563943
162.0	6.679797613603678	0.5187212219718946	0.0831047590047961
163.0	6.692041522034031	0.5235125321530231	0.08366675396564834
164.0	6.737509884547731	0.5230914590428404	0.08352607158230527
165.0	6.769639157073429	0.5248628178636325	0.08365076242498874
166.0	6.824445101518637	0.5225413735968036	0.08364056344228786
167.0	6.867164810090712	0.5225992440430045	0.08353462339219135
168.0	6.858982683435219	0.5299111654659191	0.08534413826552023
169.0	6.881423435849414	0.5327829532017629	0.08633607330009309
170.0	6.924233938596354	0.5327514943298307	0.08625330402275602
171.0	6.969295208309916	0.5317386154139231	0.08641566290594042
172.0	7.010211960564665	0.5320218994336888	0.08640459553535869
173.0	7.056150888888322	0.5312900280270756	0.08630803653784733
174.0	7.084015990645239	0.5333268990081469	0.08703258598183068
175.0	7.1288019249901495	0.532872945614542	0.08690816080161488
176.0	7.173950101819057	0.5323471061337759	0.08678991834973003
177.0	7.219845519941566	0.5312908630052925	0.08690968185014511
178.0	7.26682835324121	0.5302881336623476	0.08688176900114826
179.0	7.31536084099244	0.5288518651293398	0.08699742442914896
180.0	7.3558644564326245	0.5291837324302233	0.08696106314216576
181.0	7.405982688784966	0.5275061208602709	0.0870901834130344
182.0	7.432654571973299	0.5297264985780602	0.08753034194575855
183.0	7.480030731316535	0.5288371412782573	0.08743683921693242
184.0	7.53074092373191	0.5271086383962473	0.08756538674723399
185.0	7.584245384740763	0.5250334663056136	0.0876751340423547
186.0	7.6286609909319685	0.5247758349938485	0.08756693770940864
187.0	7.686974885194086	0.5220672176836739	0.08770981389423303
188.0	7.731123051263364	0.5218686139237299	0.08760591230729299
189.0	7.746673488650889	0.5253715329883496	0.08811126629463199
190.0	7.773959040493164	0.5274045353257101	0.08840571103445696
191.0	7.788357415740463	0.5308706245003937	0.08940222650820165
192.0	7.7993540961347625	0.5343897289687525	0.09105477437569885
193.0	7.843776178354881	0.5339483993203432	0.09096368596237657
194.0	7.882005162606609	0.5331443737323012	0.0918365106221144
195.0	7.927244441452517	0.5325252566043017	0.09177608894529463
196.0	7.969942670650238	0.5324549067675829	0.09169952634507858
197.0	7.993832935226593	0.5344850577724404	0.0926531394817397
198.0	8.038167851674872	0.5340646010962994	0.09256143564078108
199.0	8.081006415562479	0.5339581805306572	0.09248455062115189
200.0	8.11809901423401	0.5345593554426081	0.09269989912723227
201.0	8.152673253617795	0.5353947345220089	0.09310171401458987
202.0	8.191765070205397	0.535739521339168	0.09324176225001388
203.0	8.221318540043209	0.5369643161168791	0.0940649471593503
204.0	8.262917089007292	0.5370014522996562	0.09407365871275916
205.0	8.297482217724278	0.5377162622164383	0.09458168589634451
206.0	8.339159151537922	0.5373160613642416	0.09470521265232464
207.0	8.377242772829586	0.536935984442842	0.09521008438100283
208.0	8.420378012454874	0.5365138775270293	0.09520761317438434
209.0	8.463378826354898	0.5363540546476764	0.09512792550505074
210.0	8.493956141155337	0.5374238598388236	0.09585608744623293
211.0	8.506105775253111	0.5397759266434031	0.09807957650287781
212.0	8.538830810519254	0.5398107543459784	0.0988386065497951
213.0	8.58172520064331	0.5396310724166957	0.09876313455210739
214.0	8.624357408902199	0.5393798806021937	0.09869819489221779
215.0	8.664759461817978	0.5394558254490206	0.09883389533411033
216.0	8.702361090124962	0.5392826147943153	0.09919872710903474
217.0	8.744212767998606	0.5390196367457901	0.09920554511732
218.0	8.783194084456662	0.539208092667616	0.09943936465463792
219.0	8.816711650342489	0.5398077755586647	0.1000957385209961
220.0	8.859586656654137	0.5396265359837202	0.10001765828589892
221.0	8.897518424024618	0.5394014481337446	0.10037336991699168
222.0	8.939729981814718	0.539109125431981	0.10036408583684951
223.0	8.97889224583704	0.5392968963312983	0.1005516671418224
224.0	9.0141311487773	0.5391184765607631	0.10114777695313629
225.0	9.049665116028606	0.5389483406624851	0.10170750292479737
226.0	9.092630176820709	0.5387121655983189	0.10162390160033144
227.0	9.131252473741851	0.5384472547876336	0.10193788124978118
228.0	9.170450999233791	0.5386190487733747	0.10210461921687894
229.0	9.211736958218992	0.5386138394259914	0.10212328848245215
230.0	9.250229889463215	0.5388449387267555	0.10232424333535659
231.0	9.286906974964436	0.5392190376609725	0.10265649813780307
232.0	9.329381739679063	0.5389066292379365	0.10263924456770433
233.0	9.36770185927992	0.5385891049844361	0.10300403042322454
234.0	9.407036172046222	0.538237212766011	0.10329911182461027
235.0	9.43189195145577	0.5382178602235432	0.1048329513946693
236.0	9.473037771166593	0.537844372991559	0.10497008450709204
237.0	9.509240100040936	0.5382527343378591	0.10527309138190652
238.0	9.549140173596589	0.5383542694923684	0.10534754066765409
239.0	9.590041199246668	0.5379737451965414	0.10551289152517845
240.0	9.63261042944085	0.537812730853336	0.10544434710781372
241.0	9.667057299507988	0.5374474229119566	0.10623374647154171
242.0	9.70891790431314	0.5369733823983782	0.10638097565420807
243.0	9.752357004815687	0.5365253293698867	0.10638143746707553
244.0	9.796157785646326	0.5360351641819722	0.10638799017413217
245.0	9.838371024988966	0.5359206013853886	0.106327766091243
246.0	9.873936062506095	0.5351393665465068	0.10735559522493852
