Iteration	GP_regression.Mat52.variance	GP_regression.Mat52.lengthscale	GP_regression.Gaussian_noise.variance
1.0	0.9837746353920216	0.26156702090582484	0.026941979945787037
2.0	0.9837746353920216	0.26156702090582484	0.026941979945787037
3.0	0.7275078059203561	0.30507045471267435	0.13106724719613216
4.0	0.7661776354736786	0.20084670927485723	1.4306402595669088e-09
5.0	0.7914746404948005	0.1334648951976038	1.4306402615661935e-09
6.0	0.8393267445926209	0.15004889955241585	1.4306402519595315e-09
7.0	0.7767640981505032	0.14745109165687148	1.396080218035158e-09
8.0	0.8124755881305041	0.14348297374967756	1.396080209000169e-09
9.0	0.8259378249187228	0.15721583922507573	1.396080196876634e-09
10.0	0.772359847820643	0.15378398424822562	1.3960801894133158e-09
11.0	0.7287360976061551	0.15086730677016735	1.396080182258031e-09
12.0	0.7037545208533094	0.15284442442354937	1.3960801728203558e-09
13.0	0.714017874495377	0.15102288165127134	1.276735406196352e-09
14.0	0.696327251296865	0.1479460062172711	1.2767354021914803e-09
15.0	0.755647137755596	0.14983903671820575	1.27673539948555e-09
16.0	0.7679766515080171	0.1513988616303063	1.276735396430857e-09
17.0	0.7794846764051678	0.15232388128269664	1.2767353939029872e-09
18.0	1.2055311543243667	0.639989301725438	0.12316168876407246
19.0	1.2772274149379186	0.6662652592602335	0.11110212795939717
20.0	1.3184419494526072	0.6744338295384149	0.10276486012218977
21.0	1.3748149406956116	0.6860034754374017	0.09350895155466213
22.0	1.421344677609254	0.690679767979344	0.08543114798092777
23.0	1.4623550379610681	0.691761806073549	0.07882337022539125
24.0	1.5670959167773404	0.7347456605666758	0.09020960314633601
25.0	1.6094071221705926	0.7370215934416894	0.08631203764990386
26.0	1.6869884899305874	0.7532170795186689	0.08637720423229477
27.0	1.7450587314073787	0.7573338203423018	0.0820491225031988
28.0	1.7836767124373432	0.761100877628337	0.08314858884389782
29.0	1.8373955904899462	0.7629907139231953	0.07939740092739683
30.0	1.9105554277490475	0.7736144218863026	0.07938028615497665
31.0	1.9773563981508508	0.7797122587365052	0.07788977646908853
32.0	2.019540939825817	0.7829182658281311	0.07919169508550697
33.0	2.0595617983618917	0.7863572348762247	0.08165206550685443
34.0	2.104123097749494	0.7864684639180504	0.0805974747206338
35.0	2.164986293984465	0.7894009698784589	0.07882121077191974
36.0	2.2092597800464313	0.7894153260945714	0.0783099374261424
37.0	2.277478130965406	0.7957274593028657	0.07839091806076552
38.0	2.3222774005546833	0.7955600291071836	0.07801230053073427
39.0	2.405096730562528	0.8104990930561683	0.08275299345453559
40.0	2.467608370028053	0.8130601628442042	0.08174607708688696
41.0	2.51355887058859	0.812769087639983	0.08140998827557641
42.0	2.5625471398617297	0.8117221780951943	0.0801563696075462
43.0	2.613706688949876	0.8105596826771138	0.07867011562030575
44.0	2.6673205011318726	0.8096619726439626	0.0772023333963958
45.0	2.712092258820366	0.8096661545653882	0.07776262939868372
46.0	2.776538175944659	0.8130292102272877	0.07782212614430524
47.0	2.8344619505266593	0.813305577269889	0.0768810667096033
48.0	2.882440558441413	0.8116171860533767	0.07612687773168983
49.0	2.9365628490157367	0.8104698311899572	0.07501009036770122
50.0	2.9974754142246307	0.811933589979292	0.07469457634780409
51.0	3.0550415490999407	0.8118530074394258	0.0739813206699717
52.0	3.109385327484692	0.8105429551612168	0.07304106565470703
53.0	3.1886016767950345	0.8219689141899165	0.07652285962288774
54.0	3.23917515449584	0.8199822015632183	0.07564056106887768
55.0	3.295764940393896	0.8193160412666882	0.07496179274430545
56.0	3.344339996062562	0.8172866589771154	0.07440856081557116
57.0	3.3911164680142902	0.8160761042349209	0.07454850110349648
58.0	3.479878161804515	0.8332919841949618	0.08064283002743707
59.0	3.5320854615870587	0.8315547377948861	0.07982050428277578
60.0	3.5775373023545916	0.8344042720225485	0.08234807017289628
61.0	3.6421263464484883	0.837114248713098	0.08304342262669966
62.0	3.700757853271118	0.8371581167295558	0.0827394631878489
63.0	3.75382980112792	0.8355563845629146	0.08200354182042287
64.0	3.800890086473017	0.8346022428589304	0.0822097117845466
65.0	3.8516401732852246	0.8326567299001066	0.08155454240006306
66.0	3.915596796340516	0.8351573256399075	0.08223729263295583
67.0	3.96206311073384	0.8345786332938884	0.08276626550201309
68.0	4.008296531677401	0.833872406597975	0.08328003296351509
69.0	4.057289767920586	0.831855452615067	0.08282674025422201
70.0	4.117862083989822	0.8329752324842414	0.08303818546474274
71.0	4.171018398385859	0.8313716414399126	0.08247344645707103
72.0	4.215419394676318	0.8385166190701725	0.08776333871542966
73.0	4.2584169599927675	0.8399971494289027	0.09001684710713317
74.0	4.3034036352949165	0.8388583020846532	0.09049222045488392
75.0	4.353586989586435	0.8369304426478416	0.08994537259209662
76.0	4.399598488056159	0.8350673127346532	0.08995430185190129
77.0	4.453341459938764	0.8339003027740295	0.08949409449397047
78.0	4.508502443599106	0.8332079978805416	0.08916214269897235
79.0	4.565374949033497	0.8331664697380224	0.08902478256575092
80.0	4.618524649935746	0.831809188999848	0.0885795345861635
81.0	4.669620111379758	0.8299131136636468	0.08808716079113943
82.0	4.713263973292186	0.8285779454842526	0.0888182942673811
83.0	4.7600367303373545	0.8260883202550433	0.08857506542354164
84.0	4.819298807553569	0.8273490379867343	0.08879624713095777
85.0	4.870512555282559	0.8254814206513457	0.08834656894507327
86.0	4.916130807985446	0.8229540980939518	0.08828310215834531
87.0	4.975039647963845	0.8241571489531283	0.0884856606668349
88.0	5.041912868305699	0.8295896493795777	0.09007346253028323
89.0	5.104489689383273	0.8324600256288884	0.09096649645301831
90.0	5.160342351627812	0.8321304614278321	0.09087408875480364
91.0	5.211127649663729	0.8302831871958217	0.09047197141779625
92.0	5.263992430535603	0.8289430338488701	0.09014677934079326
93.0	5.319130451475504	0.8283846810847327	0.09001542054098245
94.0	5.378558073514589	0.8296945292123403	0.09045801355888347
95.0	5.425514174397113	0.8277325269990068	0.09037128798288946
96.0	5.481801993741308	0.827669613067318	0.09040020971418247
97.0	5.5305586657033885	0.8255691659142763	0.09009702034122581
98.0	5.579933580826056	0.8234857260626777	0.08976365838169283
99.0	5.629454589740558	0.8213977083156676	0.08942918088978445
100.0	5.6806871622114885	0.8196572381439081	0.08910499978763099
101.0	5.728877813979018	0.8173663544292853	0.08883753999876282
102.0	5.775842470784604	0.8149545683366503	0.08867493195959487
103.0	5.834970088722703	0.8165569504477228	0.08909286983469171
104.0	5.897742772671208	0.8200565199474782	0.09013835675731657
105.0	5.95282682163604	0.81967564181041	0.09012027245994537
106.0	6.040678462046757	0.8404092214334793	0.09803964193537383
107.0	6.1025701932252225	0.8431272543237198	0.09940229434100369
108.0	6.161710717657343	0.8443740378419435	0.10016305687131082
109.0	6.2169289435993	0.843913802247557	0.10022103867360765
110.0	6.272571214578543	0.8436212726895788	0.10034895820547057
111.0	6.318776128575899	0.842923560997396	0.1006966333886066
112.0	6.371669511696416	0.8417893707535787	0.10051289712109956
113.0	6.42265063232095	0.8402831965532598	0.1002339246580548
114.0	6.468320007952537	0.8397641212297625	0.10072428130125008
115.0	6.51721394359477	0.8381527811580459	0.10050163830832363
116.0	6.574658578620393	0.8388360057091804	0.10099483479188343
117.0	6.620843991154257	0.837864282107458	0.10123734201247467
118.0	6.671404310299367	0.8363324151202014	0.10097451085316499
119.0	6.71362226311343	0.8391414361665137	0.10339120028879333
120.0	6.759374157396153	0.8380779760635648	0.1036319900235933
121.0	6.8063159755619465	0.8366017524927625	0.10360356820817963
122.0	6.866974426742645	0.839347605745376	0.10487559974044398
123.0	6.921236104720325	0.8388870477016226	0.10492389260279052
124.0	6.9731259270335055	0.8377060449944707	0.10473971334723287
125.0	7.022750274634241	0.8361521075304758	0.10449868725573752
126.0	7.070860859719019	0.8345547113909567	0.10433269997765662
127.0	7.127905088658853	0.8354237110286804	0.10486439185095359
128.0	7.179402132181137	0.8341819041669242	0.10467713647189737
129.0	7.233211048679342	0.8336527512364391	0.10471189052449166
130.0	7.292017447543671	0.8355356695289201	0.10566898030584938
131.0	7.336037682180219	0.8354619142581007	0.10645676891968678
132.0	7.387675226264587	0.8342977929253843	0.1062952232135016
133.0	7.438722292093494	0.8330052246879773	0.10610441421567855
134.0	7.485505375453418	0.8315736000106244	0.10608676051578254
135.0	7.546180945675848	0.834851781236376	0.10758787772012715
136.0	7.591140084298346	0.8341039699368793	0.10797613348490372
137.0	7.639113244054137	0.8325820220445739	0.10783094502703502
138.0	7.686616540103537	0.8310654929591732	0.10772440378733561
139.0	7.728989600596512	0.8312509080724996	0.10878122308799792
140.0	7.772440383078219	0.830511451817025	0.10934890664921554
141.0	7.818088021581789	0.8289934746066052	0.10940574160024161
142.0	7.8760392718452845	0.8309060186663365	0.11022955977400271
143.0	7.9260326854942065	0.8295449878004981	0.11003635712574154
144.0	7.97644105951595	0.8282578055748437	0.10985616505792244
145.0	8.027629870709255	0.8271724429750001	0.10971778205043907
146.0	8.070285160704085	0.826465080818592	0.11037679420504064
147.0	8.110626382893049	0.8263097428726652	0.11153667887070397
148.0	8.154353442314394	0.824667407174077	0.11174878608454872
149.0	8.192697294963077	0.8239736483527164	0.11297770942713829
150.0	8.231067049225379	0.8223043216192656	0.11384502992922968
151.0	8.288954245166751	0.824384648897055	0.11436227194938349
152.0	8.327678220508822	0.8224888800186044	0.11507706426467926
153.0	8.364886751493042	0.8200086603320568	0.11580874810470515
154.0	8.415304972183433	0.8189354954537712	0.11564739880597065
155.0	8.460618920137142	0.8164787054536573	0.11551175405159692
156.0	8.516310410177864	0.8176300234397502	0.11566180593493769
157.0	8.557246918989046	0.8145819073773668	0.11577830656125918
158.0	8.60318212008971	0.8122017374317649	0.11561243513589256
159.0	8.66363022782134	0.8158724325845778	0.11621780229559761
160.0	8.712253470667095	0.8143003322652048	0.11603982542032303
161.0	8.72775047129814	0.8136927819145212	0.12039585993316355
162.0	8.742669472889627	0.8071652224084502	0.12275479771185656
163.0	8.756887704690113	0.796008270366357	0.12391241350771223
164.0	8.783935785642242	0.7854818682019374	0.12386088218870948
165.0	8.822297881131531	0.7788077243013262	0.12358594737152995
166.0	8.87354861777325	0.7784612132837332	0.12343428442697423
167.0	8.880461882620606	0.7569335954722154	0.12358520941782948
168.0	8.894886535703986	0.7339668631273074	0.12315640664179178
169.0	8.940505176387909	0.729609881568492	0.12286059621421094
170.0	8.426625551167373	0.7693020864044784	0.1126942173075945
171.0	8.393188357273905	0.707728580655723	0.11269836204195109
172.0	8.421734321306909	0.6776048207127985	0.11168361494839076
173.0	8.46038288747713	0.6490397792495217	0.11062671043040145
174.0	8.540405543021741	0.7230913562144109	0.11413400094548719
175.0	8.601390075918937	0.7360462894444453	0.11452276271362172
176.0	8.678017413367163	0.76177881154759	0.11582397094858997
177.0	8.784762386673433	0.8125499172687005	0.12081607742724598
178.0	8.83535526552272	0.8133442427104267	0.1207410046424413
179.0	8.86225949973182	0.8037179770761265	0.12066155149584816
180.0	8.880013670336803	0.7900722232371045	0.12080200565866037
181.0	8.936483641508312	0.7948668497551579	0.12095147369663316
182.0	8.99981307541511	0.8040387722403955	0.12150150606412742
183.0	9.08201540504377	0.8283430647268659	0.12441437412725483
184.0	9.108071376544327	0.8201932964124428	0.12452791800515416
185.0	9.14351063491494	0.8145607196027791	0.1243571603659959
186.0	9.217087950490356	0.8310559897826266	0.12629247566216356
187.0	9.274646041651192	0.8352757936363753	0.12659296437233347
188.0	9.296183024672732	0.8271790556100997	0.12702263899234648
189.0	9.334739346636512	0.8230322387122764	0.1268449984340861
190.0	9.367918113083915	0.8170278821488473	0.12675098473536192
191.0	9.424522178022654	0.8211541091998998	0.12699863537292522
192.0	9.438264851918955	0.810780601617273	0.12778459394420216
193.0	9.508406870601565	0.8256319690494276	0.12956221491659725
194.0	9.55543156705983	0.8248076705179668	0.1294308403997917
195.0	9.558993936686191	0.813937419110301	0.13103181708262682
196.0	9.54806393737322	0.7997690958739275	0.13357367170181517
197.0	9.592328632406995	0.7977623157010014	0.1333884290959108
198.0	9.635067103670407	0.79502935469835	0.13318683277269128
199.0	9.70448162321406	0.8127032155869903	0.13534566117357794
200.0	9.748829359781121	0.8108670469024083	0.13517252951578806
201.0	9.776014593341843	0.8031961300985974	0.13525803854359475
202.0	9.812914408634443	0.7982839600514272	0.13508428907759185
203.0	9.87810706716506	0.8117055436280439	0.1366842126013964
204.0	9.929288699083049	0.8132789576571879	0.13671721892185157
205.0	9.97862324491152	0.8138209575843934	0.13667153653996428
206.0	10.040385373717834	0.8229460797985905	0.1377802614433683
207.0	10.105872548871098	0.8360671659866618	0.13989089946443226
208.0	10.14608732982743	0.8331966879709471	0.13973944184727138
209.0	10.181609036756008	0.8290742598571412	0.13966985555430259
210.0	10.232082886180725	0.8300455522183697	0.13968686122294507
211.0	10.286853319346772	0.8332960897047209	0.13999607396620575
212.0	10.342339122388184	0.8369576531123445	0.14039301952367142
213.0	10.393468791921242	0.8381361243565453	0.1404548972295339
214.0	10.421214350946446	0.8330671702021045	0.1407235166038345
215.0	10.474395353432762	0.8353662054391279	0.14092649601570995
216.0	10.515615270110661	0.8329462560335852	0.14078214115065912
217.0	10.564342601428839	0.8330745989145178	0.14073669498945401
218.0	10.62604371340346	0.8429674752612293	0.1425398304022807
219.0	10.662546944321052	0.839656078162967	0.14249820681608294
220.0	10.724408937242032	0.850865114878472	0.1448551957328651
221.0	10.76562780411604	0.8487245643806939	0.1447285981104411
222.0	10.8175693872445	0.8502198309903425	0.14488800218168513
223.0	10.866998271130397	0.8505745491004624	0.14489016053808446
224.0	10.907620455731406	0.8483507597405899	0.14477585885753647
225.0	10.955441063448134	0.8480855723548584	0.14471164674291118
226.0	11.00635973865908	0.8491171517703408	0.1448096043062514
227.0	11.057306223894125	0.8501212856607654	0.14490865623874855
228.0	11.063398516589897	0.8458150563065604	0.1468823644134173
229.0	11.092707702594653	0.8418550835059309	0.14713945942757883
230.0	11.147297642437596	0.8451983970116872	0.1476241938965142
231.0	11.187356284478357	0.8428815637127911	0.14751768160534554
232.0	11.208883457559555	0.8382677940206197	0.1482064851031029
233.0	11.217810168598534	0.8328319066961325	0.14972491870305604
234.0	11.262324209314597	0.8316357456337728	0.1496009923879366
235.0	11.314063478583366	0.8335169547709993	0.14978539844387057
236.0	11.36151494523205	0.8333584416731386	0.1497279168669054
237.0	11.416750406776284	0.8376780552890297	0.15037981659012425
238.0	11.45432717363469	0.8348676960158423	0.15031562896638268
239.0	11.512202589071249	0.843141829521818	0.1519897813104099
240.0	11.54233289943923	0.8394609385451568	0.1522080918058814
241.0	11.590555400771729	0.8396220679159949	0.15218999061449512
242.0	11.625849209941322	0.8365523416207632	0.15219563622808918
243.0	11.660412648204378	0.8333056808591786	0.15222242037465078
244.0	11.703768659543464	0.8318714450658294	0.1520993541001433
245.0	11.717721597209941	0.8267564805260275	0.15320897178474396
246.0	11.727673030535554	0.8210808752314047	0.1545228770885256
