Iteration	GP_regression.Mat52.variance	GP_regression.Mat52.lengthscale	GP_regression.Gaussian_noise.variance
1.0	0.9999999649066471	1.7468141022978085e-05	4.583775662392638e-08
2.0	0.9999999649066471	1.7468141022978085e-05	4.583775662392638e-08
3.0	0.26746038901942354	0.3961618347723893	0.7328291822765798
4.0	0.9837696318635301	0.08683824952012795	1.3752710811921285e-08
5.0	1.0603759853792043	0.2565022812262961	0.022372681838222806
6.0	1.0234529447042542	0.25150352227973394	0.02322236466820868
7.0	1.0231699754687156	0.15682172411967485	0.021668830250715934
8.0	0.9747816548126691	0.08334813769110438	1.3325857717211836e-08
9.0	0.9669651882410895	0.08731161930001445	1.332585760788853e-08
10.0	1.0129160491046005	0.1007403505471203	0.0032622476087688216
11.0	1.0178591302242028	0.10168434070577526	0.004732930327316458
12.0	1.1208735017316998	0.11409506815295242	0.00809417142387941
13.0	1.170950219034156	0.12736331842913337	0.011007883296733668
14.0	1.220904301987554	0.13677943117047622	0.012567708816440683
15.0	1.2792390252322903	0.1420168468497225	0.012902951728149144
16.0	1.267581627159751	0.14071209659638628	0.01373556657404608
17.0	1.2001842351639798	0.13491648775299328	0.013932235337587934
18.0	1.1511322904441594	0.13057358894386573	0.013914183718809817
19.0	1.1662792084860163	0.14741368108392744	0.011941972246614639
20.0	1.113091615465014	0.14849131941674096	0.011200908659104501
21.0	1.08571558285584	0.15556740907583802	0.010152040752551226
22.0	1.0365839013148102	0.15410186797347714	0.009850387275964398
23.0	0.9945327775671249	0.15243469279491678	0.009631455105745907
24.0	1.0495746314710328	0.16525354747500812	0.015969585657234178
25.0	1.0245881547366475	0.17043240566111995	0.015250175782315013
26.0	1.0043494624483236	0.16587254819231728	0.015650692487501353
27.0	1.0608472884700337	0.1806198541805154	0.026282161053995334
28.0	1.114982060376271	0.1872149720275449	0.025734163171166047
29.0	1.1779901039982676	0.19526026826099196	0.024775817593444053
30.0	1.24720093328162	0.20697319075868165	0.02305051053330832
31.0	1.3143093652636368	0.21581931474977997	0.02343445932987151
32.0	1.250359451550742	0.2124139914352851	0.02373135679130707
33.0	1.3083849538594743	0.21691768391107005	0.02086610068959644
34.0	1.2997170778451275	0.21633254516659758	0.02156521679993382
35.0	1.3530349644853907	0.22379330736667657	0.023222294824252303
36.0	1.5871537034443874	0.5017603154129124	0.09808002559980619
37.0	1.6278329959017817	0.4968355485628797	0.09166273298338283
38.0	1.6689904461377643	0.4916777247614711	0.08577277129004256
39.0	1.716147293319087	0.4885316344258737	0.08100102425270503
40.0	1.7572705917551723	0.48122901616154257	0.07573954597067346
41.0	1.7119725144758973	0.2686092390288487	0.030454199263137492
42.0	1.7607007576621765	0.2753906697476166	0.033837670896520955
43.0	1.8093767482415342	0.27291584935412616	0.031417001255790805
44.0	1.7803994664724252	0.4928050808569215	0.06714543183870736
45.0	1.8352561324070866	0.5099877554872299	0.07194197822843432
46.0	1.86962407545533	0.5139965545449904	0.07227682862702624
47.0	1.9274057368666018	0.5425719146275263	0.08368982391946585
48.0	1.976875382303685	0.5455221073180008	0.08329312887262019
49.0	2.023415967445679	0.544789699604094	0.08145907863899912
50.0	2.0690501716505607	0.5432323744497682	0.0795884416133918
51.0	2.0967177496550757	0.5559540403752192	0.08521171359117384
52.0	2.1290040852876513	0.5572588959772797	0.08536298006037207
53.0	2.165821915410076	0.5561334546883338	0.08394945321515918
54.0	2.2064009523435892	0.554151063339059	0.08190454690869947
55.0	2.256503934829709	0.5599056610768902	0.08359996752488198
56.0	2.3015448000591916	0.5583426334329671	0.08178832545398032
57.0	2.337124049232155	0.558363125743372	0.0813109522351667
58.0	2.375736917613888	0.5569660965022418	0.08002070053758312
59.0	2.4168002127356156	0.5548954077957857	0.07837442519319535
60.0	2.4584642506660344	0.5526428079231069	0.07673796958264702
61.0	2.492938526428688	0.5539451622585809	0.07706817887564796
62.0	2.536789794267773	0.5519265812285239	0.0755895185360075
63.0	2.5715113151291162	0.5532058160917399	0.07594794308584046
64.0	2.6173702879598078	0.5526586023385711	0.07521371125785854
65.0	2.6608545536012875	0.5504108657466633	0.07387452653394849
66.0	2.7036897556585457	0.547841889810753	0.07254134852187724
67.0	2.7456318248728415	0.5450023989303147	0.07123444830507504
68.0	2.7829999022333847	0.5450027385791296	0.0710642355744001
69.0	2.8243386132363133	0.5421118938286879	0.0698644317535645
70.0	2.867756603977647	0.5393561898186281	0.06886213014482022
71.0	2.9040261963261815	0.5415655420845457	0.06949200167127173
72.0	2.942144491584679	0.5411507147690414	0.06924833344198233
73.0	2.976929760811189	0.5450853398361597	0.07057456043084841
74.0	3.0222304063890078	0.546456209984517	0.07108386273077222
75.0	3.067893078698858	0.5482344807746846	0.07177564166313803
76.0	3.114412578885763	0.5633393848314329	0.07793707783709582
77.0	3.1557096195274394	0.5612988767970897	0.07701163561318351
78.0	3.1943699881535266	0.5602196851249946	0.07655540863151132
79.0	3.2380741886302706	0.5582416211249797	0.07575489196362271
80.0	3.2822910254539233	0.5565797262705596	0.07516038038430464
81.0	3.320610723347837	0.5555602108699316	0.07482903855314511
82.0	3.362370311465984	0.5529332942232024	0.07395177322877423
83.0	3.4038576812026693	0.550136477560839	0.07309035607934934
84.0	3.4510676853430655	0.5584474729364106	0.07622739188279583
85.0	3.4945226727297505	0.5562920032265646	0.07558918444688424
86.0	3.5390087718069334	0.5551386727970092	0.07537165336928456
87.0	3.5815074203758672	0.5523641389792208	0.0746367636216046
88.0	3.62546958336898	0.550666719020805	0.0743280197902904
89.0	3.6723808309827515	0.5543508096108025	0.07574852205504497
90.0	3.7154200946583003	0.5518634410630002	0.07522079270410016
91.0	3.751116733752288	0.5541965108188242	0.07607633774071419
92.0	3.7982372831747084	0.5592602902323877	0.0780140558644363
93.0	3.839433806158674	0.556355705969983	0.07728776722297151
94.0	3.883612298385737	0.5552722172931108	0.07723972144244708
95.0	3.922757718515948	0.5528227816180123	0.07671436630410311
96.0	3.9590219370133752	0.5540220649404011	0.07724975237130666
97.0	3.992244561234215	0.5591060285397038	0.07904585071697398
98.0	4.0331782760606325	0.5563387387855119	0.0783878750549702
99.0	4.076564325184251	0.5544665713358385	0.07808698543179514
100.0	4.113114349240623	0.5544481154665978	0.07830723900375933
101.0	4.153770743670231	0.5514168189230739	0.07766850561866732
102.0	4.195526570090365	0.5483773066709614	0.07709317400165376
103.0	4.2350348119338195	0.5451602313396339	0.07650592707984928
104.0	4.2718062148353	0.5441042994583095	0.07650770501599137
105.0	4.311075070737873	0.5406260776746218	0.07592364388400213
106.0	4.353158124304668	0.537373625233958	0.07544333350019777
107.0	4.391597372348272	0.5337178489522437	0.07491963763482125
108.0	4.445108327649032	0.5696392388784214	0.0853773087028971
109.0	4.488234889784271	0.5682601859522309	0.08521915017749465
110.0	4.532277349713633	0.5701584380274148	0.08633138076073738
111.0	4.570992346563984	0.568999589886274	0.08613649600639939
112.0	4.612448004614541	0.5666873495879239	0.08561708422621662
113.0	4.654118781637403	0.5643119194587582	0.08512963354258256
114.0	4.6931056808399845	0.5626701740172	0.08484498611002252
115.0	4.7343627104645485	0.5600874258973296	0.08434833615870747
116.0	4.773370418419466	0.5581426418802122	0.08402419333510902
117.0	4.8143270752839245	0.5553388453791392	0.0835249205795034
118.0	4.855356005537703	0.5524189868923917	0.08304048635345183
119.0	4.899562518883099	0.5537605281862757	0.08383015184333553
120.0	4.9400072021708406	0.5506767216054158	0.08332846557531787
121.0	4.982857212965044	0.5493784617194181	0.083388268488313
122.0	5.022220102878328	0.5462598681296315	0.08292031781035562
123.0	5.063052603499661	0.5428858395379481	0.08246677767222027
124.0	5.100259474230477	0.5416523769043824	0.08246528639655569
125.0	5.138399275409235	0.5388288594102928	0.08213796430607297
126.0	5.174291164019196	0.5390717236211032	0.08249669777600435
127.0	5.2148702495523995	0.535334089808744	0.08202095840083301
128.0	5.2584814315483746	0.534556496990169	0.08221604744021047
129.0	5.288975219733382	0.5462316167576262	0.08521928023514892
130.0	5.3302574501395705	0.5432618756553764	0.0848383199528127
131.0	5.371750217174062	0.5403040027962112	0.08449189564606263
132.0	5.408976073948788	0.5378355138897148	0.0842806250846832
133.0	5.449557836148331	0.5341906521663654	0.08383023728750602
134.0	5.489411544121164	0.5302036746533508	0.08334843376990471
135.0	5.529687382958554	0.526037445404681	0.08286665822194578
136.0	5.573561137198061	0.5249978282454959	0.08298496330318512
137.0	5.6075167926720635	0.526105479879938	0.08357784090475551
138.0	5.643117341534504	0.5238213672636547	0.0835397479038949
139.0	5.6851721175431775	0.5201443273636235	0.08316429533906078
140.0	5.708839719980812	0.5314846341537668	0.08606534980066176
141.0	5.746853282356328	0.5274266378500408	0.0856342294583597
142.0	5.786060385471543	0.5231678759960314	0.08516999060990031
143.0	5.826859406633455	0.519051165896018	0.08471552269613443
144.0	5.860746132485806	0.514930966302957	0.08452792129760392
145.0	5.898145549176908	0.5096486582826497	0.08407280110543482
146.0	5.933517568212223	0.5038861897970408	0.0836857333224216
147.0	5.976801215638555	0.4996187864752146	0.08323463376403022
148.0	6.027386715110948	0.5079705095866267	0.08435029838893435
149.0	6.075890739454605	0.5142540037754596	0.08543231853919675
150.0	6.106116564580248	0.5140846621352309	0.0859873496724132
151.0	6.1493760047927895	0.5107057798779282	0.08564789039196873
152.0	6.192060132998071	0.5066414229823095	0.08523858470110154
153.0	6.235765310816641	0.5029182784902747	0.08487908376687696
154.0	6.282308135381759	0.5172987318420343	0.08740297376033257
155.0	6.31927886445151	0.5144872993260801	0.0872707049146098
156.0	6.361395220350947	0.5104443577275304	0.08687930188858003
157.0	6.405728108984742	0.5118244582814051	0.08740123857971567
158.0	6.427101723853819	0.5255190073152866	0.09049781891093261
159.0	6.470647160586711	0.5241981559418536	0.09052056315131222
160.0	6.503875174619568	0.5236577295853921	0.09085572139187299
161.0	6.549663579527753	0.5326418239457741	0.0929090612628076
162.0	6.5896351084843845	0.5292923096540962	0.09254478666068555
163.0	6.631108276677539	0.5261964077233956	0.09224795913246667
164.0	6.665374033747467	0.5256565348215311	0.09252864306485291
165.0	6.702007701266312	0.523128371114041	0.09241016957639751
166.0	6.735372254876514	0.5220965064143659	0.09265886166738557
167.0	6.777728946707222	0.519107812415204	0.0923770181622926
168.0	6.812919381870852	0.5165897659014168	0.09234555663555893
169.0	6.849442681775663	0.5132031681766835	0.09215826937392989
170.0	6.895275124243636	0.5200661596984845	0.09353522376540299
171.0	6.936509742467474	0.5165019874930254	0.09318140925945381
172.0	6.980382733102361	0.5230608706131864	0.0946807584309778
173.0	7.021164415720615	0.5195659378192751	0.09433300429981452
174.0	7.064027852846316	0.5178270892814686	0.09432439223302604
175.0	7.106684343423099	0.5195866660120446	0.0950061293824438
176.0	7.149041116209282	0.519379231007016	0.09533565230487116
177.0	7.190669505642949	0.5159200742477379	0.09502640327759557
178.0	7.2327750418779155	0.5161284180647193	0.09545107965113162
179.0	7.273732336992909	0.5124416880390901	0.09510470398862009
180.0	7.307909458910315	0.5131805953990211	0.09555794507904192
181.0	7.348933583476619	0.5095003640613404	0.09521890887363822
182.0	7.377382930265068	0.5140001386814105	0.0964190780904545
183.0	7.4174627793210615	0.5105560632474724	0.09612048701777905
184.0	7.460610964868873	0.5081848594724299	0.09600833958883494
185.0	7.503216210439708	0.5045840481977294	0.09568965242641905
186.0	7.544884127621468	0.5008389513200924	0.0953597609969741
187.0	7.587872200993954	0.49701468537652127	0.09501726660859841
188.0	7.632049702691972	0.4935476883396489	0.0947328225757119
189.0	7.676534419557777	0.4911270275840718	0.09462831844088902
190.0	7.71767147834927	0.4929863538835708	0.09528307155027918
191.0	7.762116289468024	0.48966866154346156	0.09504753023808843
192.0	7.80422630657016	0.48967076008080945	0.09541595943966619
193.0	7.844170259305377	0.49139394744524245	0.09611676840195481
194.0	7.88744070654462	0.4877756605168308	0.0958076332051141
195.0	7.91334107244857	0.4933702923189671	0.09705220386098702
196.0	7.955235253528691	0.4930852858659769	0.09738484847400247
197.0	7.9979906850026525	0.4896649853780052	0.09710094965501459
198.0	8.039409147432695	0.48970188439887347	0.09749843290502702
199.0	8.059670170497526	0.5101969541947735	0.10172725881668784
200.0	8.099541151106093	0.5078463753060216	0.10157384387131345
201.0	8.14055856130896	0.5048790415171226	0.10132963442752384
202.0	8.18226893165169	0.5028435633540211	0.10138052764739015
203.0	8.223080699584125	0.5019738179175552	0.10166754041494579
204.0	8.260768703166523	0.5012182670394274	0.10178628289889159
205.0	8.301156994730889	0.4988468409206099	0.10164160059659035
206.0	8.337370058404549	0.5024049498734824	0.1027892102611381
207.0	8.380014646973361	0.4995094881145212	0.10265248904277731
208.0	8.42233803114573	0.49622845410946925	0.10237491306119592
209.0	8.454873811364106	0.5027645198408419	0.10409203233467415
210.0	8.497631687036003	0.49964223991418577	0.10390286601954561
211.0	8.538435781270097	0.4987637387026942	0.1041852195237839
212.0	8.57206783116116	0.5041912531439996	0.10571291561214959
213.0	8.607309261718123	0.5082475074260393	0.1070062037004425
214.0	8.644158283759813	0.5080329938115066	0.107206308951458
215.0	8.677084750838157	0.5144333526716569	0.10901511023428123
216.0	8.718052650419791	0.5120902649308292	0.10898472196134835
217.0	8.7597304491117	0.509064846961004	0.10879187042986872
218.0	8.78318320230408	0.5190219652001153	0.11088996695112348
219.0	8.81955529619557	0.5192069608254497	0.111154934739422
220.0	8.844157608400247	0.5350126267649568	0.11533719068714114
221.0	8.883864960202988	0.5326989066613106	0.11522251271562525
222.0	8.923746374247838	0.5303035543026223	0.11509260303566546
223.0	8.96271353791044	0.5295942844505225	0.11541567945810387
224.0	9.002250662725588	0.5270071024665164	0.11518111304031868
225.0	9.03516437236141	0.5294429703976815	0.11592219121417245
226.0	9.07412034454842	0.5272735399441113	0.11574838452810494
227.0	9.109368691468765	0.5278643733717092	0.1161068683240348
228.0	9.144300816487398	0.5287648144920292	0.11652470379228794
229.0	9.183630569219808	0.5265098022626189	0.1163326927760734
230.0	9.222997058146754	0.5242875240582655	0.1161510807971393
231.0	9.263059646283137	0.5216661917052908	0.11591888189542646
232.0	9.302695374763667	0.5193498721824821	0.11573323673616817
233.0	9.342727104877401	0.5176063449092136	0.11580329816238484
234.0	9.381491534486976	0.5173067301425566	0.11621167700956252
235.0	9.417388009215593	0.5196639160965225	0.11722364027750755
236.0	9.45756453598712	0.5178833644379863	0.11727633742715463
237.0	9.497347984777923	0.5165607919361379	0.11743908002522559
238.0	9.533154923502924	0.5164146574601864	0.11766002790179768
239.0	9.561584892330378	0.5256236075264182	0.12022681849416443
240.0	9.601644785326478	0.522997308318816	0.12000136214067852
241.0	9.637862820873442	0.5247228756986145	0.12089786889181751
242.0	9.677114074479693	0.5224540416306065	0.12071573314826528
243.0	9.717247432942361	0.5198242765952746	0.12049024679981653
244.0	9.75220733634119	0.520099164594357	0.12079197532908738
245.0	9.792797934351395	0.5177118883099963	0.12067470240747075
246.0	9.816687275248484	0.5304665521437069	0.12412453150702404
