Iteration	GP_regression.Mat52.variance	GP_regression.Mat52.lengthscale	GP_regression.Gaussian_noise.variance
1.0	1.018603794418723	0.09178600999445795	4.4840263442305727e-08
2.0	1.018603794418723	0.09178600999445795	4.4840263442305727e-08
3.0	1.0162960076608676	0.10141182022843778	0.0019168136556671385
4.0	1.0366614440165063	0.10135898550528397	0.00842241039429323
5.0	1.0578111593835664	0.11224542290428244	3.2294226444428775e-08
6.0	1.0654390082701684	0.1398664899959102	0.060975157346956514
7.0	0.679735273471312	0.1522559339915705	0.3659906890414141
8.0	0.7727955785960406	0.149174087938782	0.287865886046575
9.0	0.98594959658942	0.04456258316376669	0.00027600037245700517
10.0	0.9793116605728527	0.010361015429101447	1.6211003534133383e-09
11.0	0.9131292169077703	0.010617909223180098	1.6211002905072552e-09
12.0	0.8579494702910073	0.012308584623244422	1.6211002182579066e-09
13.0	0.8678899530956661	0.008499392313826884	1.476587733275316e-09
14.0	0.915146985828371	0.009093043061467333	1.4765877017287366e-09
15.0	0.8773317414955393	0.009156187112884052	1.4765876690636757e-09
16.0	0.8472734741571005	0.009344630835170106	1.3428408605245452e-09
17.0	0.8532694340652197	0.00880776517668632	1.3428408491963247e-09
18.0	0.844822581385182	0.00944554157097384	1.3428408351297116e-09
19.0	0.8529415633157791	0.010058875118376984	1.3428408163015678e-09
20.0	0.8515524584888092	0.01000417103851078	1.3428407983073148e-09
21.0	0.8445175894947703	0.009920853638514889	1.3428407817396291e-09
22.0	0.83068561720708	0.009786597622118337	1.23566018548743e-09
23.0	0.8427250980914351	0.009831404001687406	1.2356601807559006e-09
24.0	0.8260211771694712	0.009704727411726115	1.2356601734589783e-09
25.0	0.8157062967638236	0.009587683162068684	1.2356601665281031e-09
26.0	0.8017385943397337	0.009479950131850486	1.0000035418432716e-09
27.0	0.8005657065706209	0.009386042005239644	1.0999999989084646e-09
28.0	0.7919894899733761	0.009281559721998974	1.0999999989042197e-09
29.0	0.7824411912487469	0.009185102235163787	1.0999999989438894e-09
30.0	0.7723469815460251	0.009091614098609715	1.0999999990171108e-09
31.0	0.7614387036485949	0.009056622756874522	1.0999999992198571e-09
32.0	0.758037071158231	0.009177125733366057	1.0999999989890487e-09
33.0	0.7551452906297509	0.00909807816868814	1.0999999990448681e-09
34.0	0.747762681694798	0.009023286493799522	1.0999999991142562e-09
35.0	0.7479102232709144	0.0089611725879089	1.0999999991730422e-09
36.0	0.7433984121296303	0.00889318081258378	1.0999999991591113e-09
37.0	0.7359682024428297	0.008883890497983932	1.0005019591170497e-09
38.0	0.7306905070086149	0.00882127427504496	1.0999999992142588e-09
39.0	0.7239110926565531	0.008805810590740834	1.0273575750269761e-09
40.0	0.722923304638797	0.00892069022196196	1.0000000064018203e-09
41.0	0.7216486643338956	0.00892244319229157	1.0999999992750377e-09
42.0	0.7289520208536051	0.008260278975002474	1.0999999994957601e-09
43.0	0.735989218811795	0.00833189334108967	1.0999999995848338e-09
44.0	0.7653403952741021	0.008509313086357658	1.0999999996863703e-09
45.0	0.7625908555198604	0.00849316603639774	1.0999999997290995e-09
46.0	0.7566193824644315	0.008449211151678807	1.0999999997163758e-09
47.0	0.7600739983093125	0.008664685533435716	1.0999999996199417e-09
48.0	0.7620628656078395	0.008890003278187735	1.0999999995905635e-09
49.0	0.7685580957231498	0.008930765975726401	1.099999999629679e-09
50.0	0.8219315443035871	0.009862606419457862	1.0999999995823688e-09
51.0	0.8139426822085811	0.009807474372817903	1.0999999997741153e-09
52.0	0.8070401716258203	0.009812521703018166	1.099999999636571e-09
53.0	0.8115448115230708	0.009781229441045796	1.0999999996373259e-09
54.0	0.8222637323733704	0.009851441574992419	1.0999999997023967e-09
55.0	0.8318164265016496	0.009976750593378233	1.0999999996988011e-09
56.0	0.8324916203161491	0.00988302698986086	1.0999999997033806e-09
57.0	0.8859225338581379	0.010224223529279737	1.0999999997598396e-09
58.0	0.8808778638560711	0.008769225221441706	1.0999999994755523e-09
59.0	0.7166008259739006	0.00763848297472424	1.0999999997851464e-09
60.0	0.7566208682028938	0.014675288691302238	0.043067500447108616
61.0	0.7771367780888477	0.01716631844746073	0.03585383859460709
62.0	0.6497184334245333	0.014414455655233029	0.04709588371961218
63.0	0.6192217083917751	0.01426342460127614	0.03893881667878109
64.0	0.6126166573263814	0.015064865025226649	0.035853571455824136
65.0	0.6114102002669408	0.015797645004817635	0.03295862503346041
66.0	0.6035932930573837	0.01601647450650168	0.029519213573285373
67.0	0.6144163924502388	0.017084695657885906	0.030564767576119974
68.0	0.6287415789538714	0.018170154102759673	0.03412522534253821
69.0	0.6366284486830733	0.01894893442486837	0.032540023708132935
70.0	0.645792501284034	0.019492821102381673	0.030172198656842713
71.0	0.6629596650980661	0.02056791495611086	0.03372233725546845
72.0	0.6708645080451608	0.021263695511444945	0.03394469657225812
73.0	0.6824366116613804	0.02203417706186666	0.03352289814988214
74.0	0.6954002815058733	0.022495575675782985	0.034050274971772106
75.0	0.7089083510475904	0.02289977963841547	0.03267923931919391
76.0	0.7222748898367183	0.023331170147545092	0.030932863864959543
77.0	0.7367289292003251	0.02371931264889676	0.030292368864131572
78.0	0.7504723949154807	0.024119305458135763	0.028852927008868125
79.0	0.7647033606210436	0.024591178845078516	0.02781061060087026
80.0	0.7803816568323514	0.0252252309347641	0.027369027449763994
81.0	0.7936094929146971	0.025413535253921753	0.02652298457781728
82.0	0.8082380953762872	0.02568783322234618	0.026541671945921948
83.0	0.8226181127705812	0.025944967512602602	0.02546692769724265
84.0	0.8385035062300137	0.026504130497627756	0.025263757068697608
85.0	0.8532081714099705	0.026772107711530616	0.0243216489834442
86.0	0.8410738328689773	0.025027740975177844	0.023220833620872038
87.0	0.8302044151684305	0.024086606169664047	0.02263053850504276
88.0	0.8122094662884649	0.023785684981030075	0.02270096975672156
89.0	0.7958308525443946	0.023511782012100798	0.022757741850509938
90.0	0.7858020413445678	0.023368605883645074	0.022685315622989168
91.0	0.7721748873432102	0.023141551466341854	0.022701025668547918
92.0	0.7632750407499819	0.023013535124494743	0.02262188188138791
93.0	0.7630347824552542	0.023070878440601184	0.022384201819997493
94.0	0.7519097474262778	0.02288852302862847	0.022362857829666904
95.0	0.7786304811325913	0.0235299460024987	0.02169740385616982
96.0	0.7640037985670226	0.023257286038840343	0.02178034825189252
97.0	0.7552142953681037	0.023129469826835235	0.021713401628592203
98.0	0.7471324715785704	0.023015407030676602	0.02163730889500706
99.0	0.7347566111951546	0.02278415386042929	0.021683029483658182
100.0	0.7245388565892439	0.022541484933404334	0.021854887810023507
101.0	0.7140954832694257	0.022349152621372426	0.021868964660099226
102.0	0.7060005745128437	0.022214666889785236	0.021827019981982262
103.0	0.6948052081305475	0.021985873267806228	0.02189505773116716
104.0	0.6912408652518486	0.021853550927182837	0.02206460442045151
105.0	0.6885936583292148	0.021768963551467898	0.02224088207036141
106.0	0.6781657330726809	0.021487572199360625	0.022317245343495665
107.0	0.670651224309522	0.021103661465177313	0.0221638647809194
108.0	0.6647819846015349	0.020954663092289823	0.022338668230603168
109.0	0.6747260448652292	0.021185660989669473	0.021468537084471093
110.0	0.6670321863969554	0.020989345135900162	0.021622989178216537
111.0	0.6591341476982917	0.020827324656775798	0.021635518439119424
112.0	0.6500964514629776	0.020622761343779373	0.021709318954768294
113.0	0.6412452237352951	0.020405838933586235	0.02182791706864513
114.0	0.6333987680436665	0.020231315478192395	0.02186891418397109
115.0	0.6250273488264003	0.020023839816326803	0.021979159261007894
116.0	0.6197713900888667	0.019919721763554006	0.02194561817343403
117.0	0.6143622013331714	0.019809548994201825	0.021921362212865017
118.0	0.6066179456560602	0.01961592850393897	0.022015189293959254
119.0	0.5993038921083036	0.01942139200155334	0.022136370068810193
120.0	0.5993939331975144	0.019426373883138278	0.02523291358690068
121.0	0.5930615377189031	0.01927484531737151	0.025258190518294286
122.0	0.5858670008737106	0.019081282421745265	0.025373310241164522
123.0	0.579040776308841	0.01890402810578616	0.02545117720216628
124.0	0.5724218024940133	0.01873060890341703	0.02552676250361891
125.0	0.5683658260324187	0.018639417942026823	0.0254869098169548
126.0	0.5731761722263258	0.01865306410582247	0.02531751151463537
127.0	0.5695322511765805	0.018517492051722012	0.025481704138704337
128.0	0.5641527829030295	0.01838049119788459	0.02549931362209245
129.0	0.5586910623489845	0.01821089326962449	0.025643374705663954
130.0	0.5527590679475595	0.018036177614539177	0.025764743882022614
131.0	0.5487738458713894	0.017937386615104814	0.025740485629596015
132.0	0.543185356425694	0.0177818758363738	0.025804740791912837
133.0	0.5436457625538705	0.01761359863791789	0.027525830252300317
134.0	0.5385897568893921	0.017471957922127548	0.027554081548092673
135.0	0.533203999071928	0.01731564019982663	0.027615340551193333
136.0	0.5277601577702691	0.017149444277344193	0.027717193457810922
137.0	0.5281430389492556	0.017161507809077024	0.027538580933933028
138.0	0.5237289450947975	0.01702372298866866	0.027542377182248324
139.0	0.5357908135919613	0.018023036405714423	0.02941473323889775
140.0	0.5339392239853868	0.01798020359465284	0.029314023445739978
141.0	0.5286477367279695	0.017822641524988494	0.02941853412569604
142.0	0.5236417638821678	0.01767699320481582	0.029496629990722754
143.0	0.5191094778387676	0.017548208513175397	0.029543605705521243
144.0	0.5268886989516717	0.01779282777680767	0.0284697307117061
145.0	0.5220120902391844	0.017651298530322462	0.028542528139541497
146.0	0.537786464576526	0.01813272724065922	0.027916417164088922
147.0	0.5331332421645143	0.018001419040943538	0.027968602146435977
148.0	0.5395398924629781	0.018141325756068888	0.027058928097962794
149.0	0.5475629884746336	0.01842135720869193	0.026175062515139676
150.0	0.5424873057491477	0.01826951114702546	0.026271561234521394
151.0	0.5475484448884269	0.01845276739424738	0.025976574295778376
152.0	0.5535203272966157	0.01855161598984006	0.025255789696289405
153.0	0.5484986130570293	0.01840454379183022	0.02533444221644416
154.0	0.5558047629546092	0.0186118405106583	0.024506624890564214
155.0	0.5508150759315185	0.018463984929642525	0.02459181233780524
156.0	0.5475418633435242	0.01838747861031181	0.024568003739879114
157.0	0.5428970061441877	0.018256612264566815	0.024620353742245412
158.0	0.552639101282633	0.01888287672740564	0.02506628492336184
159.0	0.5483749912938242	0.01877148550623677	0.02509308655296573
160.0	0.544619754237347	0.018678646734444897	0.025098082955494268
161.0	0.5401676657281907	0.018554985041768477	0.025148055878647397
162.0	0.536587383654192	0.018465964274749738	0.025152300356363403
163.0	0.5320918929657509	0.01833336705680913	0.025226426708151416
164.0	0.5278634615768631	0.018209788379767333	0.025278977267627647
165.0	0.5235044592253802	0.018075569777407152	0.02536184214415746
166.0	0.5192487443127686	0.017942902920928146	0.025450388725176503
167.0	0.5156572907576498	0.01781749630420668	0.025568626582771942
168.0	0.5232851757823676	0.01814988984005914	0.02493857652911343
169.0	0.5191436429410873	0.018025793747840635	0.025002032421037306
170.0	0.5154252983823625	0.01789775271154949	0.025113071928768358
171.0	0.5114047918332865	0.01777516784041013	0.02518861401832225
172.0	0.5190204717594158	0.018130562736664333	0.024673631064129536
173.0	0.5149720400636978	0.01800626412896534	0.0247501554114882
174.0	0.5117940219790243	0.017923466669371328	0.024762752454486326
175.0	0.5106204950774387	0.01784785696632765	0.024887835882108193
176.0	0.5162761166777061	0.017980454183478625	0.02424084857887325
177.0	0.5123363303206848	0.017850079261731086	0.024311749970500666
178.0	0.5085537763955781	0.017718368098033385	0.024356748904601096
179.0	0.5052899187689093	0.017602028971966794	0.024463587053132885
180.0	0.5017384153641002	0.0174821674250468	0.024558765709674364
181.0	0.50045073474795	0.01740669168897747	0.024678954556378915
182.0	0.4970841716903234	0.01729243374998881	0.02477714278078664
183.0	0.5026050084999413	0.017433098832332256	0.02409403531230936
184.0	0.5090306500081999	0.017668039632932123	0.023418276841194352
185.0	0.5076611576982287	0.017646812654277335	0.02336615614875942
186.0	0.5040644812419997	0.017531536723949852	0.023438524499639412
187.0	0.5010617409621505	0.017449089237345904	0.02345904949189231
188.0	0.49773059711102685	0.01733831255662334	0.023544465427490478
189.0	0.4943557491146114	0.01723375795493013	0.023599057464504997
190.0	0.4910769838427058	0.017133699663630327	0.023649865550655052
191.0	0.4884423222315275	0.017039138953900825	0.023651498114681223
192.0	0.48655872132857847	0.01695322256786906	0.023759168213915032
193.0	0.484275207651111	0.016859790282121995	0.023863709086191152
194.0	0.4827763836684168	0.016827471247578146	0.023831453927894212
195.0	0.4796618121466498	0.016728525486838435	0.023895319208144934
196.0	0.4766105130280641	0.01662729376325021	0.023971829703237742
197.0	0.4736607801429903	0.016537089460052168	0.024025667927433728
198.0	0.4708965006567357	0.016455902851477577	0.024066510987413386
199.0	0.47547460124350244	0.016550186135014106	0.02350285204723715
200.0	0.47262104863673327	0.016463361734539262	0.023547847127158093
201.0	0.4697512969534354	0.016366810586096753	0.023625724567338857
202.0	0.467420624034417	0.01627620676913424	0.02372128491307559
203.0	0.4727114476947657	0.01636539142289617	0.023786770723281808
204.0	0.46861089678075274	0.015500972173520564	0.02374653327194211
205.0	0.4659057150406598	0.015410545646264259	0.023827116594104483
206.0	0.4645149762282951	0.015185031718683729	0.023928717383023396
207.0	0.46247546728979705	0.014420965982429486	0.023837590449908606
208.0	0.46241475247976066	0.01437525237362994	0.02394681103774613
209.0	0.4600028325026835	0.014256684846143345	0.02402528604606082
210.0	0.4573260947920308	0.01410668844520661	0.024084120776829258
211.0	0.4550408845057936	0.014033083372775555	0.02417449229051482
212.0	0.4525885497233612	0.013947902908254067	0.024256286644460407
213.0	0.4555933927476451	0.014161087269347141	0.02435219523997201
214.0	0.45335046334822404	0.01408470399619323	0.024442841041553035
215.0	0.4508796367997363	0.014008675687790769	0.024513288705437796
216.0	0.4496874279592555	0.013953079305985903	0.02461651962398268
217.0	0.4493910746252753	0.013922285333934092	0.024720455897253114
218.0	0.4474712634969257	0.013871106588779044	0.024742185170035604
219.0	0.4457222905529049	0.013805021153511399	0.024840197940412857
220.0	0.4434304653186185	0.013737507760929328	0.024901620969948298
221.0	0.441508904054604	0.013686463899286037	0.02492999132940601
222.0	0.4392436341846391	0.013527150084468477	0.025005675401800445
223.0	0.438433274042368	0.013398584373190423	0.026988901221799783
224.0	0.4361929365525385	0.013331303179604683	0.02705922048940268
225.0	0.43397800317724033	0.013263821390473796	0.027132797666329415
226.0	0.43844278433755784	0.013433616071671381	0.0263644863735468
227.0	0.4362221525004196	0.013366859221428303	0.026430065049451314
228.0	0.4411425160542769	0.013764316803054944	0.02693061265315779
229.0	0.43908432424988	0.0135690126611961	0.026949373020730187
230.0	0.4370816578592068	0.013494755331451827	0.027044389742972613
231.0	0.4348671147266804	0.013425182344183034	0.02711477302936489
232.0	0.432697494406651	0.013352114471202882	0.02718922622590299
233.0	0.43054394907583965	0.013284964652971867	0.027258887815199345
234.0	0.4288582565296558	0.0132124811167857	0.027274747862367273
235.0	0.42682190324733876	0.013145113629215463	0.027360462016375767
236.0	0.43154466348285386	0.013404506365679334	0.02694179705632716
237.0	0.43637876729277225	0.013711773662217796	0.026883853012740405
238.0	0.44117218854247475	0.013930373452871255	0.026262418630863024
239.0	0.4389423065732917	0.01385733723706483	0.02633047850949023
240.0	0.43680909966864473	0.013784473114669597	0.026411645566669126
241.0	0.44059028631917074	0.013891115658741427	0.025883039825228788
