Iteration	GP_regression.Mat52.variance	GP_regression.Mat52.lengthscale	GP_regression.Gaussian_noise.variance
1.0	0.9832744363192469	0.5508527162365574	1.0011833566655693e-09
2.0	0.9832744363192469	0.5508527162365574	1.0011833566655693e-09
3.0	1.0037923616131106	0.6004638419294636	1.0999999994528874e-09
4.0	0.9039605402197525	0.4555819425743928	0.015106100556650032
5.0	1.2009984678256505	0.6525732945704855	0.05810353373701683
6.0	1.092979140086755	0.6429889715501317	0.05374215950026092
7.0	1.2466671190002074	0.7021053832041714	0.0762293732032492
8.0	1.1643488629776835	0.2848624525703293	1.0030660064870069e-09
9.0	1.2836489326448919	0.3172256436531986	1.0005799370982676e-09
10.0	1.2236030747334994	0.3006670253450433	1.0005588087246595e-09
11.0	1.187066358436912	0.3246914125583893	1.0004490064428085e-09
12.0	1.0898308682646223	0.31851762884737667	1.0006275368168507e-09
13.0	1.1406426884666159	0.3262725747635912	1.0004271228148038e-09
14.0	1.096293893441179	0.3384707825536926	1.0000000000000017e-09
15.0	1.0722060393123514	0.3115685861768109	1.0003743108032946e-09
16.0	1.0066342279507166	0.30857593507209047	1.002283996319854e-09
17.0	0.9751345136645881	0.30321113319265547	1.0027382715505353e-09
18.0	0.9310896192470492	0.30791295030309795	1.0005365347082159e-09
19.0	0.9293843336582965	0.2994851737507232	1.0001597522644716e-09
20.0	0.9129768833039924	0.29644412590744224	1.0006564350206134e-09
21.0	0.8761201185460407	0.29355825381945566	1.0999998092165232e-09
22.0	0.8395121661079255	0.2931584090121264	1.0000016942837593e-09
23.0	0.8799792033714046	0.30130640801187986	1.0017640142330965e-09
24.0	0.8992022468192076	0.31299228513981614	1.0011333142949948e-09
25.0	0.8596404882229409	0.3130533974493088	1.0143040742606943e-09
26.0	0.8849693664415497	0.31688956950725433	1.0014761065380946e-09
27.0	0.8329066344919357	0.3143951334102139	1.0027076855293311e-09
28.0	0.7861736954767856	0.31682008039866466	1.0034604574547997e-09
29.0	0.7548087457869659	0.3197299739709679	1.002556664031829e-09
30.0	0.7562186838574502	0.32104073864535787	1.0020809796844498e-09
31.0	0.7704473905546542	0.3206087019405009	1.000000000969512e-09
32.0	0.787942743009376	0.3196101454796292	1.0163330042426473e-09
33.0	0.783807310698275	0.31916430679117547	1.00369654740909e-09
34.0	0.8180079783153029	0.3175925938143455	1.0022077010100881e-09
35.0	0.9268701264750643	0.31060781154666284	1.00113569445201e-09
36.0	0.9586527240284857	0.2845515372545478	1.0020657556851111e-09
37.0	1.0952976389889406	0.47883892153237956	0.05831230477770915
38.0	1.0741730881567428	0.4594231255814621	0.049022307460348344
39.0	0.876461698757411	0.16982443276655093	1.788531406489567e-06
40.0	0.8838863933008456	0.15970949976166357	1.0311459414716627e-09
41.0	0.8638946487617887	0.15081649284079354	1.0063590043383385e-09
42.0	1.1432789717221135	0.45150773301039004	0.03985301490156348
43.0	0.9067161835592694	0.16022072116966143	1.0007369897099527e-09
44.0	0.9122361100562539	0.16071471793634776	1.0008054107885275e-09
45.0	0.9014764137193585	0.16016414481487506	1.0019841568768415e-09
46.0	0.8934574522881799	0.16310856446758296	1.0010977959576187e-09
47.0	1.026756807397941	0.4453481091991933	0.03296094218061228
48.0	0.8907413559500047	0.16459566529798356	3.236587979873152e-06
49.0	0.8781981837132232	0.16388913350442041	3.283859761525817e-06
50.0	0.8983243242379709	0.1666141189627098	3.3144265601266104e-06
51.0	0.9276259364845274	0.16963682914906852	3.269591658113007e-06
52.0	0.9429803697854662	0.17193143957010787	3.329737888038251e-06
53.0	0.9528768136987741	0.1725756718454098	3.438610719876056e-06
54.0	0.9658421172749666	0.17350607251975025	3.4928190185228717e-06
55.0	0.9542717550843647	0.17337296047261397	3.519612304897283e-06
56.0	0.933376789826035	0.17387081734745974	3.4942622435357226e-06
57.0	0.9515704991931244	0.17673079654091012	3.540702728481668e-06
58.0	0.9691937690643673	0.1798544647989231	3.5823293697297952e-06
59.0	0.9831449683997409	0.1804216339545609	3.6308343387623227e-06
60.0	0.9849458613565462	0.18071128221274094	3.6971285980307222e-06
61.0	1.1063202238402483	0.40929516557530343	0.032071929860263304
62.0	0.980388518412392	0.18381085141408815	3.4343760015518824e-06
63.0	0.9595918221100064	0.1830215281101954	3.4537328189615796e-06
64.0	0.9631617326183802	0.1836784106625328	3.505519339359354e-06
65.0	0.9854225766531106	0.18249549961416067	3.340795128165209e-06
66.0	0.998946607979323	0.1862033919481864	3.271211312557797e-06
67.0	1.0060080926354236	0.18323375955655616	3.3049231802214056e-06
68.0	1.1680919320642185	0.41578896005345867	0.03221451462398148
69.0	1.1725226585692528	0.41331729072566553	0.030178021823747344
70.0	1.0003684743476247	0.16478772040842884	3.417722845638495e-06
71.0	1.0120794965505127	0.1673904798146088	3.380851091566936e-06
72.0	1.002004743001126	0.16723466204890325	3.402315328080998e-06
73.0	1.0159865243449562	0.16940713684473854	3.4005645347892805e-06
74.0	1.030434347321282	0.17062923704207422	3.420570751363491e-06
75.0	1.0063397595046164	0.16993457106509838	3.4243114409167382e-06
76.0	0.9819731009609054	0.1698890104651806	3.3938529910280347e-06
77.0	0.9708130185056254	0.169365357030984	3.427321710326526e-06
78.0	0.9654332280633653	0.16912488226862316	3.458113207819393e-06
79.0	0.9741902839153158	0.17055309058015733	3.404049004110206e-06
80.0	0.9828224980190078	0.17131682549297633	3.4412865773772866e-06
81.0	0.9702518396413138	0.17077422808845916	3.4697472799826354e-06
82.0	0.9497867366599767	0.17071546343612223	3.4676025842569586e-06
83.0	1.12014342736959	0.3899462700643372	0.022689154731186014
84.0	0.9740077177039583	0.17243938708531756	3.450080357313547e-06
85.0	0.9493139482752295	0.17283699790162876	3.4033569751554684e-06
86.0	0.9235253706626886	0.17315906067375247	3.3510641459005576e-06
87.0	1.037793328427286	0.3834451963615159	0.02025491305408002
88.0	0.9424989697588019	0.17547837870577	2.5873635345447795e-06
89.0	0.9191769067667942	0.17509178491593247	2.5720802513552854e-06
90.0	0.9224174537178392	0.17544019468787214	2.5995977223780326e-06
91.0	0.9129250731055457	0.175118264671302	2.6176727526505287e-06
92.0	0.8892868297026191	0.17566412237638512	2.557168673463219e-06
93.0	0.8828069700707464	0.17540934170706357	2.5742753645542603e-06
94.0	0.9633508892062724	0.3873257324459196	0.01897961045341213
95.0	0.8679049922725095	0.17612529115435424	2.084900656324971e-06
96.0	0.8970674336869453	0.17524833604152393	2.062761404918811e-06
97.0	0.9060019687823191	0.17561850183616992	2.049693846731763e-06
98.0	0.9263415156188698	0.17525237297089535	2.046380901088787e-06
99.0	0.9227478996692482	0.15938419500196632	2.0276751673794084e-06
100.0	0.9660525040183032	0.33721163270902443	0.016634734792115313
101.0	0.9333177346675527	0.15580809285280758	2.0611280082762615e-06
102.0	0.9452973777586225	0.32937459874483094	0.014661127402677873
103.0	0.9247240784881041	0.15689822824654062	2.191471342963103e-06
104.0	0.9379975003594586	0.15416764979250008	2.200979768803752e-06
105.0	0.9391657173653829	0.1540362236476853	2.221653078845624e-06
106.0	0.95629169155873	0.1549139289076288	2.2146724175191337e-06
107.0	0.9640154944991911	0.15569217198318475	2.232127678215189e-06
108.0	0.9633620935265834	0.15553065319021994	2.2530358005691593e-06
109.0	0.9721093305484746	0.1568383200990137	2.253510135988673e-06
110.0	0.9805559944100559	0.1579052932484173	2.2628326893969697e-06
111.0	0.9652552477660727	0.15749026714126668	2.2670917366231113e-06
112.0	0.9630046398981057	0.157461250282719	2.2871119659059104e-06
113.0	0.9454832270197188	0.15710017677579377	2.2860050100073967e-06
114.0	1.0735898189311297	0.3808876113878551	0.02289598671424116
115.0	0.9490246841275696	0.15733550187911133	2.0441370848590874e-06
116.0	0.9575113689445076	0.15844517215859957	2.050691214053059e-06
117.0	0.9406581200315998	0.15807407097053788	2.0506437727281327e-06
118.0	0.9384393055066105	0.15809045060187576	2.070140311182401e-06
119.0	0.9180940767473185	0.15820742441777186	2.046098282668298e-06
120.0	0.917353429436077	0.15830235031935083	2.067482071132177e-06
121.0	1.0326976573081155	0.386777307334743	0.022317658718436113
122.0	1.0285080438768794	0.3817515949193191	0.021090342601724314
123.0	1.0240616723008933	0.37631770523842156	0.01985509458448565
124.0	0.9193018109506784	0.1600223984379208	2.070407250594551e-06
125.0	0.923066776915593	0.16038795758489205	2.0883101294802747e-06
126.0	0.9296593144856846	0.161037457775525	2.1023747864922987e-06
127.0	0.9181123771081123	0.16071528852526956	2.1075426146427434e-06
128.0	0.9072921511709935	0.1604063209660076	2.114166045499276e-06
129.0	0.910647985792916	0.15948642968599483	2.085693107019463e-06
130.0	0.9199191886839087	0.15865428439395804	2.0706568036618894e-06
131.0	0.9114331255162229	0.15849627802065702	2.0784641310391648e-06
132.0	0.8896218223798312	0.158570182297354	2.048135147535234e-06
133.0	0.887687889560483	0.1585855154115644	2.063713340510617e-06
134.0	0.8927989045349458	0.15971245893150615	2.0583318597396024e-06
135.0	0.8989651953559554	0.1602226959573643	2.070733332883684e-06
136.0	0.8856176824806274	0.15991508369390312	2.0709569074748854e-06
137.0	0.8669176110624203	0.1595678081579816	2.0596829031434568e-06
138.0	0.8477696518007886	0.1595820400186619	2.035250988974487e-06
139.0	0.828596097632432	0.15980134968876158	2.0026362644848526e-06
140.0	0.815201548392985	0.1595141775427006	1.9981272607848592e-06
141.0	0.8182781503609748	0.1601863247894119	1.991492347654879e-06
142.0	0.8090258354661406	0.15991749369599323	1.9962364957228825e-06
143.0	0.799988774420391	0.15963702988210493	2.0013362715218165e-06
144.0	0.7881510334156435	0.15931643403644297	2.000937083194451e-06
145.0	0.7779771014074007	0.159018418962006	2.002274025984958e-06
146.0	0.7701573570534276	0.15876522037429422	2.0079250698773657e-06
147.0	0.7556142209547861	0.15849352730544058	1.997839422943868e-06
148.0	0.760353524898162	0.1591697478238485	2.0067609183627176e-06
149.0	0.7562946834595445	0.15907691768074422	2.0172427598477188e-06
150.0	0.754260122121867	0.15905455106094915	2.0291248638067217e-06
151.0	0.7473253101867405	0.15887950620829686	2.034670877907442e-06
152.0	0.7525705318619934	0.1591578828854851	2.044804572656539e-06
153.0	0.7488221136284215	0.15900933814475468	2.0560092660263053e-06
154.0	0.7537100892878009	0.15965797704273688	2.062115530050511e-06
155.0	0.743544887100425	0.15935060258789122	2.0624898639309997e-06
156.0	0.7428612131555097	0.1594225967742878	2.0760875763043484e-06
157.0	0.737193105587651	0.1592501040715694	2.0837312535654443e-06
158.0	0.7437261879692703	0.15948511761385686	2.09369095732434e-06
159.0	0.7456304292677762	0.1596944229767953	2.108470454864494e-06
160.0	0.7478612844478644	0.1595606256825099	2.1621091105973385e-06
161.0	0.7310108263148047	0.1595622898145685	2.1341870643887592e-06
162.0	0.7263246126354107	0.1594406565612368	2.143628999336182e-06
163.0	0.7292123622207749	0.15976644298320616	2.160326682178463e-06
164.0	0.7335469447128863	0.16034091982774196	2.1148280547203215e-06
165.0	0.7305499186245349	0.16027763283192362	2.1262838125940767e-06
166.0	0.730928245957853	0.1601886563821013	2.13716262920921e-06
167.0	0.7355303217360968	0.15891840017014386	2.1934517992739732e-06
168.0	0.7929747946279069	0.3094163068485622	0.010707480989463121
169.0	0.7350960044898118	0.1594215439112974	2.0652963486243508e-06
170.0	0.7293618525837929	0.1592624395895138	2.0718949799174164e-06
171.0	0.7327723284225544	0.1596429323807544	2.082843483066227e-06
172.0	0.726031810979209	0.1594137375684745	2.08648058201982e-06
173.0	0.7294955962963269	0.15966266869914866	2.1000170914927827e-06
174.0	0.7171089265236011	0.15939139606268568	2.0918239569033108e-06
175.0	0.7183349861936549	0.15951643894861597	2.105973165549535e-06
176.0	0.7078022171242545	0.15926525599875352	2.1011469799065154e-06
177.0	0.7719695882383592	0.3072526907709767	0.010150446129828952
178.0	0.7059149176813339	0.15964638536512774	3.985743838110585e-06
179.0	0.7226158952415177	0.15820815194145324	3.9461818403359695e-06
180.0	0.7119510548150458	0.15793559362359155	3.937221068841661e-06
181.0	0.7167434641313358	0.15729435696500457	3.920205946595115e-06
182.0	0.7198598347374416	0.15764529595758556	3.943320293651569e-06
183.0	0.8107100889950553	0.3199294801969118	0.01299039291238203
184.0	0.8060353575438912	0.31479465618998687	0.012079819519344788
185.0	0.801441288061389	0.3093123776383144	0.011147253262055849
186.0	0.7967980936956848	0.30337563776172966	0.010185483507458655
187.0	0.7922292443797666	0.2970251458031767	0.009204157728690147
188.0	0.7878198513382719	0.2903054258563267	0.008215601470649642
189.0	0.7452815239801684	0.15938784245236837	4.458249925177451e-06
190.0	0.7485863019948015	0.15994561754817063	4.4663147963033824e-06
191.0	0.7381935054341312	0.15970072775558847	4.456156331425344e-06
192.0	0.7420396317382403	0.16025445320732828	4.464216850369237e-06
193.0	0.7462025691511307	0.15908863803376846	4.481864820347277e-06
194.0	0.7425230158907441	0.15902300455628848	4.497261213710421e-06
195.0	0.7280074180727288	0.15870601090539901	4.467534760856648e-06
196.0	0.7173018314409491	0.15853019753724243	4.446811691886301e-06
197.0	0.717356402940353	0.15863484498072217	4.470677465715382e-06
198.0	0.7188693148172483	0.15877027445544747	4.495028296845041e-06
199.0	0.7249330955722494	0.15773795585984035	4.445057523867289e-06
200.0	0.717522903886055	0.15752207293669623	4.4464821563305705e-06
201.0	0.7223415134228914	0.15775671897254928	4.463318296219558e-06
202.0	0.7105627102039348	0.15745851072439065	4.444970861787284e-06
203.0	0.7212043912656451	0.15574290479639874	4.436575068564348e-06
204.0	0.7276679850207403	0.1557173307026183	4.4523424974095015e-06
205.0	0.7311324857627317	0.15640808941243725	4.429458493228355e-06
206.0	0.7243805519399739	0.1562732627365721	4.428485795320686e-06
207.0	0.727005271016362	0.15694941992650407	4.403793258507161e-06
208.0	0.7316778491243542	0.15682974673803995	4.400426347709136e-06
209.0	0.7348710040454748	0.1569295917561926	4.347836170972092e-06
210.0	0.7332815553992803	0.156941501742061	4.364972713050143e-06
211.0	0.7260372888185853	0.15676437967643936	4.364452492448355e-06
212.0	0.7296393543250573	0.15716902161300347	4.368810740012211e-06
213.0	0.7325489944165693	0.15782980776218034	4.337288339443421e-06
214.0	0.7365762970955719	0.15814642866589096	4.346050413442348e-06
215.0	0.7359053567637375	0.1581732680118187	4.364218986085132e-06
216.0	0.7321122176632221	0.15809468633981405	4.374853238166357e-06
217.0	0.7390442172964957	0.15746458510540978	4.301540102325497e-06
218.0	0.7427941975667874	0.15811660112362638	4.293084541192155e-06
219.0	0.7355440529186037	0.15725303596315005	4.307837484282951e-06
220.0	0.7385254026021884	0.15779960843279917	4.285147173099982e-06
221.0	0.7414859006195876	0.15808962816076363	4.301875504640162e-06
222.0	0.7445339418638185	0.1587016198093988	4.2725584196104384e-06
223.0	0.7565641281731962	0.15665607677912702	4.255788724801385e-06
224.0	0.7419108416538478	0.15634498714419548	4.223640196700123e-06
225.0	0.7448003949872801	0.15671586935892734	4.22148632295804e-06
226.0	0.7490520077348708	0.15635336459645224	4.220487258240482e-06
227.0	0.7422333382389056	0.15617465655401763	4.2188166155434665e-06
228.0	0.7343694247595121	0.15597611845305318	4.213943567347423e-06
229.0	0.7372444928721283	0.15626554282995936	4.229307234162012e-06
230.0	0.7378043618273854	0.15637677087851154	4.246789390766622e-06
231.0	0.7301843068604343	0.1561890633803526	4.241967756486505e-06
232.0	0.7239523785942418	0.15603851615685696	4.241668521870297e-06
233.0	0.7273454956003209	0.15636230805848103	4.2526064422571685e-06
234.0	0.7242484525529987	0.15068238892081093	4.390920958255108e-06
235.0	0.7315173177498757	0.22786469131606427	0.0036760713002511047
236.0	0.7334399240493537	0.22680874017074382	0.00349427688487255
237.0	0.729084638254054	0.16031404162992388	0.00011850183937956037
238.0	0.7272997899963054	0.1603746074612442	0.0001196378872986768
239.0	0.7296679234639861	0.160359585303263	0.00011406398356314272
240.0	0.7320182387221302	0.1602233668306119	0.00010679189093198929
241.0	0.7343805186499327	0.16009995392152238	0.00010010111670076443
242.0	0.7367077239818971	0.1602993519980038	9.937864705309301e-05
243.0	0.7390755364299243	0.16017835970679967	9.363967118745842e-05
244.0	0.7414154192130087	0.16008957157960313	8.882048038794396e-05
245.0	0.7454105852477348	0.1601926646367104	8.805377303046292e-05
246.0	0.7470525601464818	0.16049520362283767	8.912010693398304e-05
247.0	0.7503188054089326	0.16111089163508202	8.99604440770946e-05
248.0	0.7526432554105992	0.16112083048077877	8.721248191353144e-05
249.0	0.7559737413227194	0.16161338776090378	8.770389677991126e-05
250.0	0.7583167947439137	0.1615658430695773	8.431963644977875e-05
251.0	0.7606671940951257	0.16144399126130302	8.001897863980433e-05
