Iteration	GP_regression.Mat52.variance	GP_regression.Mat52.lengthscale	GP_regression.Gaussian_noise.variance
1.0	0.9999999201104636	0.0005309634139708231	1.1007334249345485e-09
2.0	0.9999999201104636	0.0005309634139708231	1.1007334249345485e-09
3.0	1.1172715496114067	0.33990090374039444	1.0000000406461197e-09
4.0	1.0265942033914963	0.22683615893123743	1.0187193821955112e-09
5.0	0.8184235099325221	0.25988921238647267	1.0171731765665563e-09
6.0	0.837245379098919	0.2505478135114388	1.0142035506737605e-09
7.0	0.7925976560468542	0.19074546976329126	1.0777080790589343e-09
8.0	0.8454154653706811	0.20348237737064118	1.0183756787509088e-09
9.0	0.906580671160379	0.20934128852863698	1.0999999920817885e-09
10.0	0.9952361291324856	0.22126281783273027	1.0613681633615112e-09
11.0	0.9953362483674149	0.22583621356321656	1.0999999879757415e-09
12.0	1.0180231035333496	0.22424205953665172	1.0419972625776953e-09
13.0	1.0985846725714103	0.24961257716896154	1.019974830408787e-09
14.0	1.0229291766790953	0.2453096533935744	1.0239953636348049e-09
15.0	0.9869096612159749	0.2521779364876996	1.023446209790766e-09
16.0	0.9360038747092896	0.25095524617690707	1.0320302222120925e-09
17.0	1.000829876030258	0.2698310131928419	1.0213542779093145e-09
18.0	0.9438583744982726	0.26381480692956627	1.0234801055248182e-09
19.0	0.9603474068959913	0.2644583805966641	1.0165332156298546e-09
20.0	0.9385338912308552	0.2781241963845006	1.0393969870977607e-09
21.0	1.037297857747941	0.2796310874226811	1.0167542405216835e-09
22.0	1.0428393481181373	0.28744954424628333	1.0222913793439644e-09
23.0	1.112063608278262	0.2572299403959861	1.0387155136163848e-09
24.0	1.712520447198988	0.8311460515653883	0.13407226899390817
25.0	1.5354759870243107	0.7171270208039595	0.1299738271289394
26.0	1.047208952000425	0.17709402516396838	1.0935456854764839e-09
27.0	1.0809519711842257	0.1883660120544152	1.0626787423333492e-09
28.0	1.0613240222505953	0.19318902484846476	1.091457824884464e-09
29.0	1.0575648529897774	0.1922958581203154	1.0587028242871094e-09
30.0	1.0276170689585706	0.19033018284271172	1.0999999965443071e-09
31.0	1.0971340494322488	0.20157557334527723	1.0614831529818621e-09
32.0	1.0578751265088513	0.20075275935237982	1.0999999948177082e-09
33.0	1.0687729372134824	0.20194477381277565	1.0999999945870503e-09
34.0	1.0462019191261485	0.20800516489305276	1.099999995248032e-09
35.0	1.0213358603778369	0.20466383603485416	1.099999995689748e-09
36.0	1.5804502138172787	0.8784995677416758	0.1258686265072418
37.0	1.3088645072865572	0.7059310003914256	0.11677469713129528
38.0	1.2553072951351296	0.6512196968344918	0.10412591299018695
39.0	1.1175897722234818	0.22775066184757936	1.0083488482904507e-09
40.0	1.189195954319843	0.23394423879599485	1.0041463473874646e-09
41.0	1.231715504735776	0.2417324297537844	1.002856714441977e-09
42.0	1.1940684349253645	0.23998624508272084	1.0075172394892376e-09
43.0	1.1506270194783854	0.23946922229041806	1.0217962440939935e-09
44.0	1.190782027211108	0.24654337993666964	1.0075184559303527e-09
45.0	1.1337733583490734	0.24477767043534482	1.0999999549680508e-09
46.0	1.1896092866754187	0.2518130637070868	1.0067059362204402e-09
47.0	1.251786121659699	0.2526954258294603	1.010569203405994e-09
48.0	1.2821871013071295	0.255266008189797	1.00652810678597e-09
49.0	1.3167029145239424	0.2509427554166629	1.0060891136703879e-09
50.0	1.2826790280407177	0.22807321822057144	1.0999999692841536e-09
51.0	1.1937902204520896	0.18871496059874626	1.0999999864899272e-09
52.0	1.2188505926848818	0.19124363235036032	1.0782236281844683e-09
53.0	1.4370389307473295	0.6233445105364832	0.1285224760264394
54.0	1.2159267555565505	0.1958836444882718	1.2081401408795194e-09
55.0	1.2404618575921906	0.19975087774808242	1.0813761553386347e-09
56.0	1.2039167108009396	0.19842053325599152	1.0999999845261243e-09
57.0	1.1928223627263996	0.19779224421090433	1.0999999900531806e-09
58.0	1.1546994875561036	0.19788104423184064	1.0999999837814202e-09
59.0	1.156221662161855	0.1970186031880986	1.0508243165923826e-09
60.0	1.1281081417782532	0.19577016422680715	1.0999999762800964e-09
61.0	1.109544093452434	0.19458734272637573	1.0999999891262535e-09
62.0	1.1354479051134834	0.19937156538124678	1.0200192762945916e-09
63.0	1.1045581342395858	0.19942587421766073	1.040826046467934e-09
64.0	1.1128701699654973	0.19992158895258388	1.084065581656114e-09
65.0	1.126207752586079	0.197252988882348	1.0394297306491966e-09
66.0	1.128608190543349	0.1957846600101281	1.0999999893141437e-09
67.0	1.1473753383834973	0.19816931792683148	1.0619917659163737e-09
68.0	1.1588916418056407	0.19914568175412814	1.0999999891384557e-09
69.0	1.1670245309953808	0.1993000588107007	1.0137115739430676e-09
70.0	1.1874561350273423	0.2025795420460073	1.0999999868103513e-09
71.0	1.1414632910593432	0.2023538648007013	1.0999999879754081e-09
72.0	1.4089612958449185	0.5540878098347501	0.0844540434364446
73.0	1.1853411730726862	0.20826216586401755	0.0013221496961432213
74.0	1.1992960036011948	0.2086782019996452	0.0010273795493607107
75.0	1.1712705824427623	0.20807281567170016	0.0010402061479646164
76.0	1.1844354408539624	0.20896750972786562	0.0009194479318827296
77.0	1.197852114896055	0.21128369079479847	0.0009037615176852745
78.0	1.2098561207417426	0.21157974010198555	0.0007474323164101774
79.0	1.1803507359900938	0.21007696774008794	0.0007489127206730314
80.0	1.1912392865569381	0.21007798802585295	0.0006155899442415669
81.0	1.2015496432241766	0.20985325950481146	0.0005054535991038386
82.0	1.2000484023210365	0.20952204343573813	0.0005134283646611364
83.0	1.153468234193593	0.20947211577219474	0.000506901134378777
84.0	1.1233326061850004	0.20877931406897898	0.0005083678805044636
85.0	1.0823072930254003	0.20939980869695	0.0005019023809612128
86.0	1.0909035599805905	0.20908577808927112	0.00041615270931948106
87.0	1.0729902631408592	0.20874286623762228	0.0004169894831359981
88.0	1.0806972574369522	0.2081024126688139	0.0003423045126329971
89.0	1.0931734712260623	0.20973952627613268	0.00035157013832617766
90.0	1.0991394129882648	0.21036287670810194	0.000512838828805028
91.0	1.0927844855755473	0.21079858019524556	0.0005261975416319445
92.0	1.0834531584807479	0.21080502007318982	0.0005375880870796114
93.0	1.0500693082900923	0.20954718107180864	0.0005364698298907182
94.0	1.061834426793386	0.213734766377755	0.0006454873271421847
95.0	1.0365215254473963	0.2132132038587273	0.0006481240857179342
96.0	1.043742113668463	0.21292827305548273	0.0005717125504490995
97.0	1.0506030712550523	0.21233334880314725	0.0004990330110101655
98.0	0.9854170033139796	0.1590406860640197	3.721419522063201e-06
99.0	0.9802495271667162	0.15892512974150114	3.7649888325219964e-06
100.0	0.9658447432796944	0.15859750749562998	3.7782527121556917e-06
101.0	0.9535569187395249	0.15821489519823934	3.8033857769044926e-06
102.0	0.9530675521461811	0.15831689450537584	3.8544102523582494e-06
103.0	0.9622361683508014	0.1593316181607287	3.904782228739133e-06
104.0	0.9429990229793955	0.1601022463226282	3.846796332202862e-06
105.0	0.9423775158138332	0.16017063152680244	3.8981691704497e-06
106.0	1.0235296332749213	0.2176950895120527	0.00048803673181859895
107.0	0.9599082781046445	0.16226230051386295	5.5926503963255435e-06
108.0	0.9694641124154098	0.1628853073505799	5.657087963230441e-06
109.0	1.0461810062348516	0.21868925246251167	0.00045035754085063855
110.0	1.0513706140925971	0.2178807568111189	0.0003967465612513817
111.0	1.0282046147929418	0.21753345605680083	0.00039761923766317743
112.0	0.964397922623744	0.16289170349032261	4.292616758136408e-06
113.0	0.9747141884792981	0.1634804498100285	4.338344952836612e-06
114.0	0.9566734035720776	0.1631326216141356	4.3422895954445826e-06
115.0	0.9390931993927185	0.1627317115273984	4.3454595111666405e-06
116.0	1.0048642384012787	0.21672074007156475	0.00035187639985327824
117.0	0.9822296994158985	0.2161714202044056	0.0003514562054298425
118.0	0.9905840378980765	0.2176068823801599	0.00036986249976592145
119.0	0.9958491989797268	0.21730416954310347	0.0003379920578177771
120.0	1.0010548385787728	0.21692841865713122	0.0003090916930395927
121.0	1.0061768284785835	0.21650771566010085	0.00028410849783572125
122.0	1.0111799925060245	0.2159685368905585	0.0002604290044340082
123.0	1.0160747660817118	0.21533949384217196	0.000239008072691263
124.0	1.0209182194611022	0.2145986020708889	0.00021859468409426693
125.0	1.0083084396622781	0.21469867096373838	0.00022136677855109625
126.0	1.0129103018167127	0.21388319398387126	0.00020242762238983258
127.0	0.981333647283103	0.14488487420287105	4.185661958809333e-06
128.0	0.9843226479789222	0.14507327814042772	4.226951043604096e-06
129.0	0.9777132440639819	0.14495236986177437	4.2593978411764864e-06
130.0	1.016821971908512	0.21269638134595528	0.0001934358013920791
131.0	1.0085715015685375	0.21298243717716114	0.00019622217463825827
132.0	1.0101874522188505	0.21062141848133759	0.00017473615336163035
133.0	1.0142415951418402	0.2114540377282214	0.00017788291667783417
134.0	0.9838000447333186	0.2113429619483946	0.00017696918619833628
135.0	0.9638077871644368	0.14631334847606933	4.090861517132058e-06
136.0	0.9566673643882208	0.14614573566559136	4.122487929342043e-06
137.0	0.9838845468169388	0.21114649610439357	0.00016648704622051848
138.0	0.9600277153189567	0.21075292456547584	0.00016656990826609218
139.0	0.9721283405000726	0.211100713770706	0.00016769123735387197
140.0	0.9499912057646356	0.14661481634143156	4.215706346892131e-06
141.0	0.9594374312759824	0.14704238361485464	4.214992536929445e-06
142.0	0.9600038465681152	0.1472260480047364	4.257528475477844e-06
143.0	0.9483407053983588	0.14700935830042663	4.276156375078974e-06
144.0	0.934328257290269	0.14686065249990427	4.279306458588444e-06
145.0	0.9340346178745867	0.14701232731714306	4.322875727786938e-06
146.0	0.9612597132867359	0.20633850939181336	0.00015032273288243222
147.0	0.9474175302005243	0.20618078355820826	0.00015153699865183434
148.0	0.9514909736627535	0.20570673785877383	0.0001409226029408038
149.0	0.956907185435131	0.20600084467852486	0.00013535375946233864
150.0	0.9609777480109449	0.20540636921649336	0.00012590585842194526
151.0	0.9649452333568737	0.20472196789010705	0.00011655967852879121
152.0	0.9698021266283847	0.2044676712006072	0.00010985298763135229
153.0	0.9742200053624577	0.20395700277538864	0.00010271016308430497
154.0	0.9492150395656747	0.20351410958061358	0.00010238620745142792
155.0	0.9448493032062103	0.2039078064925172	0.00010414843387849739
156.0	0.9233459195421705	0.20360814677515124	0.00010376873878956338
157.0	0.9245861592894954	0.14753706064559058	4.941745395025354e-06
158.0	0.9258077745824727	0.2030910087199519	9.786087177258125e-05
159.0	0.9277523719819546	0.14803949217754123	4.945513714592447e-06
160.0	0.9103678715305594	0.14830038616487182	4.912408618896372e-06
161.0	0.9124227308814991	0.14861208480755936	4.97307593087621e-06
162.0	0.9176605774935136	0.20426692472509222	9.348086195880111e-05
163.0	0.927001331323557	0.1487397848729438	4.969778183657886e-06
164.0	0.9237387166534947	0.2049959638071914	0.0001052951129178183
165.0	0.9269296317314949	0.14872223879990978	4.71946416511202e-06
166.0	0.9471860458488501	0.1482439050715631	4.644658321594194e-06
167.0	0.955244810015257	0.14882404589561019	4.657484765120104e-06
168.0	0.9819600560642379	0.14682556784223236	4.536017288220672e-06
169.0	1.0138060237205617	0.13649296122481686	4.207606941268875e-06
170.0	1.0078027239387692	0.13375166720634005	4.147373413302444e-06
171.0	1.0080438725250365	0.1330643228268613	4.137848280758931e-06
172.0	0.998390786423846	0.13294830988330647	4.144746876027142e-06
173.0	0.9979763939043829	0.13294916231166698	4.169555424365265e-06
174.0	0.9841455435682392	0.13293293840959944	4.15328369058234e-06
175.0	0.9829115724891344	0.13300373904917165	4.180916461365073e-06
176.0	0.9668584463424377	0.13319609465633372	4.1425731359619105e-06
177.0	0.9673380490984358	0.13330198849953234	4.170133406461974e-06
178.0	0.9726691441474027	0.13397427300244802	4.185661796001167e-06
179.0	0.9671154372090222	0.13389865065026024	4.204822396339729e-06
180.0	0.9718133479377896	0.13435574533246958	4.229468096479103e-06
181.0	0.9760054036497461	0.13475753469606902	4.2579965254755986e-06
182.0	0.9708259395621631	0.13468453177432435	4.2782948016917535e-06
183.0	0.981400304796935	0.13428159398110684	4.278097909632464e-06
184.0	0.9836681094709926	0.13451081520021402	4.308003888991687e-06
185.0	0.9896491780067973	0.13513024911298613	4.3268414228783125e-06
186.0	0.9716646577453707	0.13503205667354615	4.296414727760877e-06
187.0	0.9774016902248785	0.13563300990432506	4.308256425230841e-06
188.0	0.965157433063439	0.13545829376682486	4.301972894917517e-06
189.0	0.9681192858980512	0.13574017373612612	4.332840332556965e-06
190.0	0.970203582971957	0.1359389644297032	4.3439240196236035e-06
191.0	0.9592521979709724	0.1357199317373644	4.348290220433362e-06
192.0	0.9518285498015229	0.13557705442617984	4.362037991683935e-06
193.0	0.9432953275503746	0.1353955326832167	4.372714722762919e-06
194.0	0.9317184724906056	0.135205574747609	4.370819590919855e-06
195.0	0.9237915211167871	0.13505153456710503	4.381567354194789e-06
196.0	0.9267324664091975	0.13534260617368885	4.412712654043913e-06
197.0	0.9306191303256393	0.13572475912505344	4.441648842520886e-06
198.0	0.9156861839762906	0.13554417483617662	4.4234444793412534e-06
199.0	0.9013266801674903	0.1353705616629071	4.405438622181467e-06
200.0	0.896114952200786	0.13529385418823786	4.423156282027578e-06
201.0	0.887154630699428	0.13512920363603242	4.429028996610347e-06
202.0	0.8901737834325695	0.13542329436328923	4.460362364926571e-06
203.0	0.89448657203181	0.13594398158084095	4.482662683299901e-06
204.0	0.8986382194635881	0.1366822347597158	4.6283682209083665e-06
205.0	0.904503555857396	0.13630194961934655	4.58113774385775e-06
206.0	0.9195688921340296	0.13391666737262894	4.495085337779935e-06
207.0	0.9177342733286027	0.12741231737844963	4.404215266883934e-06
208.0	0.9372393239557933	0.2199334277470582	0.001254117528152344
209.0	0.9267766526960193	0.1277567917489969	4.478434755407888e-06
210.0	0.9140937757375693	0.12762309981547518	4.463178663332422e-06
211.0	0.9139025912363867	0.12769210027151065	4.490015750343523e-06
212.0	0.916998871740049	0.12694816249653412	4.541828440578956e-06
213.0	0.9036254783878692	0.1268360547321244	4.524225403778221e-06
214.0	0.8905140782135363	0.12679218043199372	4.4989836599741495e-06
215.0	0.8898737510594866	0.12685334004724788	4.526853345628496e-06
216.0	0.8876687271296193	0.21889502599042207	0.001314056677823772
217.0	0.8905099955663873	0.21852614850337831	0.0012659154923815536
218.0	0.8947155830721876	0.218699463539429	0.0012650413930058908
219.0	0.8976386880960376	0.21835967994844094	0.0012212861507093539
220.0	0.9005408372781508	0.21802069724469791	0.0011793927751485493
221.0	0.904157746870797	0.12476851950735711	5.063526099710269e-06
222.0	0.8995444701919082	0.12471993904978759	5.0811959138022025e-06
223.0	0.9026318505910244	0.12472670670726413	5.0706004897418405e-06
224.0	0.8921994445023811	0.12464910393487136	5.0519842427769455e-06
225.0	0.8951992019343403	0.12506361259771326	5.055159108740391e-06
226.0	0.882138740877219	0.12494044575618016	5.035384712888027e-06
227.0	0.8740393438254102	0.1247988142074887	5.040262790792726e-06
228.0	0.8697950939748835	0.12474240498257498	5.059960379775004e-06
229.0	0.8562666120669952	0.12490668140532168	5.00621261649669e-06
230.0	0.8583161869453674	0.12506488329937432	5.034943603745859e-06
231.0	0.8708833084911474	0.12489753504539836	5.011368033477652e-06
232.0	0.8748686609907694	0.12525984354239364	5.016522107930413e-06
233.0	0.8679508604125229	0.12513869778509673	5.024463227357909e-06
234.0	0.8713661589310256	0.12545483900763327	5.049480702810621e-06
235.0	0.860685757921097	0.12533114504831552	5.037343983988735e-06
236.0	0.8595971611927767	0.12536498104338673	5.063560630936112e-06
237.0	0.861153187006187	0.12552613003312615	5.093369038554883e-06
238.0	0.8558814137926012	0.12543381500392875	5.106997175824302e-06
239.0	0.8608089626821132	0.12567765800915098	5.0390555459183215e-06
240.0	0.8557445491420006	0.12552483117053068	5.053222248138466e-06
241.0	0.8503837688698321	0.12543928305001908	5.064995084861663e-06
242.0	0.8422918986301642	0.12528557425367706	5.066770361871294e-06
243.0	0.8461585301725237	0.12544730954167888	5.08825645205807e-06
244.0	0.8440949257174812	0.12545393873297428	5.110593126584577e-06
245.0	0.8423238396517361	0.12547375876676947	5.133881082488987e-06
246.0	0.845480011171759	0.12579107331565603	5.155476164661083e-06
247.0	0.8381208328146565	0.12567148648526297	5.157020794802725e-06
248.0	0.8429214759352707	0.12554018910569142	5.147614050920773e-06
249.0	0.8344555729805582	0.12538033386454034	5.146545537885662e-06
250.0	0.8357050344889181	0.12545775924769192	5.172620032336144e-06
251.0	0.8231858233234475	0.12539911900547726	5.139498450413847e-06
