Iteration	GP_regression.Mat52.variance	GP_regression.Mat52.lengthscale	GP_regression.Gaussian_noise.variance
1.0	1.000000400467251	0.00015188234725592976	1.1000000000000003e-09
2.0	1.000000400467251	0.00015188234725592976	1.1000000000000003e-09
3.0	1.0000000452265816	0.002510607753638925	1.0455923612846622e-09
4.0	1.0000000452265816	0.002510607753638925	1.1000000000000003e-09
5.0	1.0000000452265816	0.002510607753638925	1.1000000000000003e-09
6.0	1.0000000452265816	0.002510607753638925	1.1000000000000003e-09
7.0	1.0000000452265816	0.002510607753638925	1.1000000000000003e-09
8.0	1.0000000452265816	0.002510607753638925	1.1000000000000003e-09
9.0	1.0000000452265816	0.002510607753638925	1.1000000000000003e-09
10.0	1.0000000452265816	0.002510607753638925	1.1000000000000003e-09
11.0	1.0000000452265816	0.002510607753638925	1.1000000000000003e-09
12.0	1.0000000452265816	0.002510607753638925	1.1000000000000003e-09
13.0	0.23011976841218235	0.22450493829403076	0.7638786208248514
14.0	0.88884510090311	0.08751573466845078	3.098861546676949e-07
15.0	0.5686079613026833	0.1639576389358952	0.3104560548577109
16.0	0.5040154333149683	0.18190344279386622	0.3735528740266265
17.0	0.07558651476264631	0.2568773869958017	0.9192267895573977
18.0	3.7089236470537646e-09	5.643836405362798	0.999991778447964
19.0	3.708923632701471e-09	5.643836405341193	1.0000004898210404
20.0	3.708923632701471e-09	5.643836405341193	1.0000004898210404
21.0	3.708923632701471e-09	5.643836405341193	1.0000004898210404
22.0	3.708923632701471e-09	5.643836405341193	1.0000004898210404
23.0	3.102702449215295e-08	0.012747008844390012	1.000008061507641
24.0	3.102702442603163e-08	0.012747008792628075	1.000000605716901
25.0	3.102702436233217e-08	0.012747008744982247	1.0000000143313084
26.0	0.01044330248242582	0.4268203186129218	0.9896506981423806
27.0	4.456609678604664e-08	0.018085326207431796	1.0000061564646296
28.0	4.456609660354865e-08	0.018085326138900883	1.0000004461159975
29.0	0.9989302596234171	0.004485468466651562	5.326490950732646e-06
30.0	0.9989846334993201	0.004448015333553548	5.326489709088688e-06
31.0	0.9989954456451275	0.004437367922971414	5.326488559812884e-06
32.0	0.9989624274312043	0.004454841582015561	5.326487246360492e-06
33.0	0.9989458099821819	0.004461217177308493	5.326485909372054e-06
34.0	0.999010570232346	0.004423589206568234	5.3264846944242605e-06
35.0	0.9989062003102596	0.004505990702952583	5.326483317089e-06
36.0	0.9990983884885729	0.004417548051574546	5.326482084851513e-06
37.0	0.9999615941225308	0.0024062921084349784	5.32649420043037e-06
38.0	0.9999060478535996	0.0026232674953607974	5.326493866718984e-06
39.0	0.33432984703643076	0.004172761225821104	0.6655153938592735
40.0	0.3348613847575601	0.004193640811143801	0.6648754481378509
41.0	0.3725278207895571	0.004261847959013963	0.6270963298113817
42.0	0.3556326273287013	0.004227389108075397	0.64404181333986
43.0	0.31863871620256967	0.004146292580991429	0.6811955861409308
44.0	0.3181957302495818	0.004131317291355412	0.681630826867335
45.0	0.333828823487234	0.004183068670819204	0.6659250378804633
46.0	2.325969080157801e-05	0.0003027146772024639	0.9999759687142749
47.0	2.3259690740638863e-05	0.00030271467241158885	0.9999767818816622
48.0	2.3259690740638863e-05	0.00030271467241158885	0.9999767818816622
49.0	2.3259690740638863e-05	0.00030271467241158885	0.9999767818816622
50.0	2.3259690740638863e-05	0.00030271467241158885	0.9999767818816622
51.0	2.3259690740638863e-05	0.00030271467241158885	0.9999767818816622
52.0	2.3259690740638863e-05	0.00030271467241158885	0.9999767818816622
53.0	2.3259690740638863e-05	0.00030271467241158885	0.9999767818816622
54.0	2.2290522122952006e-06	0.0005090802508416706	0.9999985059791879
55.0	2.2290522080180065e-06	0.0005090802478381886	0.9999978238054094
56.0	2.2290522080180065e-06	0.0005090802478381886	0.9999978238054094
57.0	2.2290522080180065e-06	0.0005090802478381886	0.9999978238054094
58.0	2.2290522080180065e-06	0.0005090802478381886	0.9999978238054094
59.0	2.2290522080180065e-06	0.0005090802478381886	0.9999978238054094
60.0	2.2290522080180065e-06	0.0005090802478381886	0.9999978238054094
61.0	2.2290522080180065e-06	0.0005090802478381886	0.9999978238054094
62.0	2.2290522080180065e-06	0.0005090802478381886	0.9999978238054094
63.0	2.2290522080180065e-06	0.0005090802478381886	0.9999978238054094
64.0	2.2290522080180065e-06	0.0005090802478381886	0.9999978238054094
65.0	2.2290522080180065e-06	0.0005090802478381886	0.9999978238054094
66.0	2.2290522080180065e-06	0.0005090802478381886	0.9999978238054094
67.0	2.2290522080180065e-06	0.0005090802478381886	0.9999978238054094
68.0	2.2290522080180065e-06	0.0005090802478381886	0.9999978238054094
69.0	2.2290522080180065e-06	0.0005090802478381886	0.9999978238054094
70.0	2.2290522080180065e-06	0.0005090802478381886	0.9999978238054094
71.0	2.2290522080180065e-06	0.0005090802478381886	0.9999978238054094
72.0	2.2290522080180065e-06	0.0005090802478381886	0.9999978238054094
73.0	2.2290522080180065e-06	0.0005090802478381886	0.9999978238054094
74.0	2.2290522080180065e-06	0.0005090802478381886	0.9999978238054094
75.0	2.2290522080180065e-06	0.0005090802478381886	0.9999978238054094
76.0	2.2290522080180065e-06	0.0005090802478381886	0.9999978238054094
77.0	2.2290522080180065e-06	0.0005090802478381886	0.9999978238054094
78.0	2.2290522080180065e-06	0.0005090802478381886	0.9999978238054094
79.0	2.2290522080180065e-06	0.0005090802478381886	0.9999978238054094
80.0	2.2290522080180065e-06	0.0005090802478381886	0.9999978238054094
81.0	2.2290522080180065e-06	0.0005090802478381886	0.9999978238054094
82.0	2.2290522080180065e-06	0.0005090802478381886	0.9999978238054094
83.0	2.2290522080180065e-06	0.0005090802478381886	0.9999978238054094
84.0	2.2290522080180065e-06	0.0005090802478381886	0.9999978238054094
85.0	2.2290522080180065e-06	0.0005090802478381886	0.9999978238054094
86.0	2.2290522080180065e-06	0.0005090802478381886	0.9999978238054094
87.0	2.2290522080180065e-06	0.0005090802478381886	0.9999978238054094
88.0	2.2290522080180065e-06	0.0005090802478381886	0.9999978238054094
89.0	2.2290522080180065e-06	0.0005090802478381886	0.9999978238054094
90.0	2.2290522080180065e-06	0.0005090802478381886	0.9999978238054094
91.0	2.2290522080180065e-06	0.0005090802478381886	0.9999978238054094
92.0	0.07665562702543154	0.005132285229816909	0.9233963521914702
93.0	0.07665258612529952	0.005131981891148601	0.9234854963279734
94.0	0.012493958437621137	0.005144525718955575	0.9875055316397751
95.0	0.012494518707252739	0.005144517730687367	0.987419206460785
96.0	0.012495249396705018	0.005144427656603572	0.9874815561102189
97.0	0.017926191614031462	0.4759602827465447	0.9831465620411083
98.0	0.2520139180728206	0.04814558179685654	0.7510187429054042
99.0	0.2689611135174584	0.04739906505010687	0.7207553967618375
100.0	0.28112559989161645	0.04663157207106996	0.6935072209973219
101.0	0.2962475175807289	0.04585566000725084	0.6763498602525171
102.0	0.217423133558059	0.049055098292502465	0.7634845589773162
103.0	0.19315613004978543	0.04982589801343807	0.7909885842723597
104.0	0.20304044924068804	0.049531276148880136	0.7793407336701935
105.0	0.252584608396605	0.047520856361517635	0.7026513139562457
106.0	0.2499010890415719	0.047427926235138744	0.7061169839514166
107.0	0.28030388740015927	0.045587092872202944	0.6374109165323075
108.0	0.27871646898361857	0.045932625290436874	0.6391931385711529
109.0	0.2776029438384798	0.045911697643119025	0.6410289336227903
110.0	0.29140959048647047	0.044432533386384025	0.5862051984223483
111.0	0.28895691475542823	0.04393022918707592	0.5676780159452944
112.0	0.27265286845069836	0.04501812914665217	0.5914623067093326
113.0	0.2714359977779651	0.044988476282417963	0.5933935377084223
114.0	0.26322104318677175	0.04511749868017255	0.6038178419400334
115.0	0.2650567825466108	0.04369059863016741	0.5605165476184375
116.0	0.26514869795059287	0.04299697293095593	0.5336374745057351
117.0	0.2639577830569657	0.04244565865753226	0.5118551924990057
118.0	0.25906801198080054	0.042252226562755096	0.5047138882747055
119.0	0.26131514413006146	0.042249880506111816	0.5031313004366001
120.0	0.25893359071075606	0.04126256787415836	0.5064607761729385
121.0	0.25355763204921583	0.040006442309002105	0.5158888404439221
122.0	0.2530154663295822	0.03938441893571688	0.49298780090316247
123.0	0.25168804771545517	0.03972931015966179	0.4947614068471641
124.0	0.24984819445022738	0.039135205081084805	0.47209333963124367
125.0	0.24718321407133428	0.03880619786648246	0.4753537186890854
126.0	0.2437827921798194	0.038656754081750164	0.4694590778495469
127.0	0.23994893559484148	0.03819808690240378	0.45140387268286974
128.0	0.2402666154315683	0.038455028957688535	0.4515934869820576
129.0	0.23945568375575366	0.03816457160361232	0.43909768339098104
130.0	0.23861963965957048	0.03771218796736823	0.43947323207721206
131.0	0.2475387149349556	0.036907742970273494	0.44901284921806445
132.0	0.263625952423514	0.03430577084757818	0.4336294210949319
133.0	0.2682119203855846	0.03359173097833815	0.4265925345083943
134.0	0.26254207300028115	0.03482411601076083	0.4326233211393479
135.0	0.27075340081643895	0.0329095217122142	0.4218614759452449
136.0	0.2776642187973381	0.02921247474908139	0.4140131664703222
137.0	0.27412175864711796	0.029824076262235412	0.4170689150204898
138.0	0.2752290932070511	0.02923824544810778	0.4072683523297415
139.0	0.2763456931144166	0.028814066849056418	0.40015278153765943
140.0	0.28702533360295635	0.02460118592715899	0.38511142380369956
141.0	0.2944825064119303	0.01712363152560296	0.36857705027843185
142.0	0.2947015532063657	0.017335521215403535	0.3666040333844847
143.0	0.29994663807570826	0.01644663797691032	0.3590424409387711
144.0	0.29689317488456757	0.017422715756580432	0.3624581463076029
145.0	0.30004796321452926	0.01704517356656672	0.35867648707047756
146.0	0.28637634840285	0.02617817593370083	0.37418197557037286
147.0	0.28160453761191573	0.029237315623048907	0.3817942037787022
148.0	0.2812514552310118	0.029841878536972795	0.38344772197527943
149.0	0.2846752337838568	0.029543297219824342	0.37827580831985974
150.0	0.28776790701595223	0.02943349873169104	0.37095656185034676
151.0	0.29092808891330585	0.02905150230703265	0.3634125074712203
152.0	0.2891049096963734	0.03001651403513751	0.36838550589704033
153.0	0.2937808072448895	0.03020147763880859	0.36335441993492235
154.0	0.2899442151534024	0.032285984086424975	0.37291683125417713
155.0	0.293745177788086	0.0327831535353044	0.37020245412354474
156.0	0.2982619970489078	0.033462006874128064	0.3641666190275131
157.0	0.28623165406696965	0.033304853532754364	0.3832204581521228
158.0	0.2913707645042831	0.03332944330882637	0.3785987247250863
159.0	0.29635638167982936	0.03431441404878014	0.37309885840411533
160.0	0.29854461313091146	0.03548279949639358	0.37461280837054567
161.0	0.3040314239997345	0.03633790845852551	0.3709337494989919
162.0	0.30599070345398394	0.03724902978783706	0.3727217762914622
163.0	0.311710258198836	0.03823560857003627	0.37007436869494487
164.0	0.31880483875083165	0.04036029042958076	0.36659108892445375
165.0	0.327140684723891	0.04241245054235152	0.3608328594328714
166.0	0.33803434370846275	0.045466043231953975	0.35591152995892666
167.0	0.3499948428559837	0.04935323362267572	0.34948975009472616
168.0	0.35505938573462686	0.05017421833654768	0.34825172782450015
169.0	0.5193472798626811	0.15917539583625165	0.3318261925421547
170.0	0.34548531193112053	0.04051663470520829	0.34693913535866455
171.0	0.35398410976963773	0.041897478445004424	0.3432893916068625
172.0	0.34792043253662236	0.03910208798623557	0.3497597866003969
173.0	0.3505032204731443	0.04036755345932561	0.35308202722742776
174.0	0.3595768201504733	0.041712295531587264	0.34896085638697993
175.0	0.3691590147954321	0.04320076411571059	0.3449593138602058
176.0	0.3727753292431924	0.04448109273272116	0.34769723810623765
177.0	0.38065546460836774	0.04631055159169875	0.34370286060350025
178.0	0.39130988574048065	0.04818479206726152	0.33944980321335194
179.0	0.4060560914642165	0.05233076664768313	0.335510804919692
180.0	0.4139036285628106	0.05337827023966688	0.3333865380211312
181.0	0.5325951236288828	0.1891173660243113	0.3493389710444876
182.0	0.39444882140979437	0.03878692866401486	0.334277536921858
183.0	0.3903803429156821	0.03854025655307269	0.3355254582252856
184.0	0.380112467688698	0.03763817472443594	0.34784711737123236
185.0	0.388826123735288	0.038645422335469956	0.3442569498328581
186.0	0.39776796879016235	0.0394980498485834	0.34097684317495275
187.0	0.3917833062293359	0.040485843784736714	0.3531116343876463
188.0	0.40084417838557074	0.041546586027118824	0.34984011374803603
189.0	0.4025665746361834	0.04112016676543515	0.35065522313992503
190.0	0.4003478858712038	0.04044981600171225	0.34962089666558155
191.0	0.40917527576512874	0.04074922228877088	0.3457405199133848
192.0	0.4193098296134886	0.042180364423212505	0.3413568622774291
193.0	0.4263028349108856	0.0444059614798977	0.3423136602750404
194.0	0.529028300752928	0.2331923945800583	0.3810249776279298
195.0	0.4903549601979077	0.24167477613299634	0.41048411120927947
196.0	0.45223673624571736	0.2572472071876478	0.4470608821717104
197.0	0.4154757353874161	0.026420610632532756	0.33335585036294857
198.0	0.41126691427336387	0.025957675417874214	0.33332825012012607
199.0	0.41965565456742593	0.026772509535052558	0.3293356762590955
200.0	0.42496509374561664	0.02758266788393387	0.3288476920502648
201.0	0.42884788566130055	0.02786452810013034	0.32992390772988706
202.0	0.4379112784994068	0.02862704936009832	0.3260754566272393
203.0	0.4472172272804523	0.029527640988591362	0.32236955478093676
204.0	0.4456544262337204	0.029467891257752413	0.3235891774257946
205.0	0.44546538982149597	0.030350479950488896	0.32489763432366053
206.0	0.4552516542061088	0.031764551338749995	0.3213572063398046
207.0	0.4646756090760806	0.03279605572448265	0.3181787146215533
208.0	0.46868408196523753	0.02985286012853436	0.3149837638715634
209.0	0.4793018459051957	0.026826929390543312	0.3077939741854243
210.0	0.47723322959232317	0.027588844332646092	0.30945663385376754
211.0	0.4759006866746184	0.02856323712881107	0.3111744078677403
212.0	0.4883328224319644	0.026081581071337834	0.30295594991092606
213.0	0.484692696624639	0.026280101354604266	0.3042900867001013
214.0	0.4892107876633088	0.02900374023151072	0.3056029377724118
215.0	0.49855538137063954	0.025742861867350374	0.29817933648962164
216.0	0.49307206350604527	0.02510068914358552	0.29874304677806346
217.0	0.4943628381520002	0.02494783357153615	0.2966334675367407
218.0	0.4891323748450288	0.024169276446731464	0.29662836551520644
219.0	0.4840304822630699	0.02390717902597512	0.29736877870589407
220.0	0.4794704398993078	0.023642849564492627	0.29758448999448545
221.0	0.47458365988043677	0.023401117493155377	0.29822895482428435
222.0	0.46934261351241857	0.02625436434908592	0.30707576797053643
223.0	0.4649648084083451	0.02585380621495651	0.3070701621346298
224.0	0.4663876321105038	0.028960801510096564	0.31237846354151416
225.0	0.4622276153208361	0.028461384540988427	0.3121410191957999
226.0	0.4452412513017571	0.027141876915748864	0.329433562325142
227.0	0.4477591241238663	0.03058528460693653	0.3347488893879073
228.0	0.45400493291028465	0.03301297426948142	0.33631627746666126
229.0	0.46414499089569783	0.03471391095879013	0.33332346188369694
230.0	0.4582754327117016	0.03412859740977672	0.33432765387757574
231.0	0.4596578527761695	0.03393074001291806	0.3322158252257213
232.0	0.4561643527374141	0.033622528518349064	0.333389669224126
233.0	0.450502724078937	0.033052935665017255	0.33429429044653824
234.0	0.4594464630793126	0.03414897547780586	0.3315508826438271
235.0	0.47005205105967857	0.03594184392419926	0.3284275672724532
236.0	0.46519414817911564	0.0351273808152457	0.3281864301710552
237.0	0.4600702101095613	0.03465522898088267	0.3292544774487958
238.0	0.46527845729517736	0.034991983914426816	0.32837689841046724
239.0	0.4830540340199436	0.03609136086766649	0.3221986571774856
240.0	0.48936812138523494	0.03845842355033148	0.3227120251714626
241.0	0.49685955063465037	0.03931305298115585	0.32103010092003204
