Iteration	GP_regression.Mat52.variance	GP_regression.Mat52.lengthscale	GP_regression.Gaussian_noise.variance
1.0	0.816076734824765	0.5327790449385458	1.0999999998309509e-09
2.0	0.816076734824765	0.5327790449385458	1.0999999998309509e-09
3.0	1.0102981477993362	0.33713504707548503	1.0999999999787935e-09
4.0	0.8476495253210204	0.3660530169929898	1.0999999999029594e-09
5.0	0.8335324862234517	0.40171031094877685	1.0999999999475075e-09
6.0	1.0465531423297576	0.38092450515339293	1.0999999998653866e-09
7.0	0.9245305375427918	0.3701313755580391	1.0999999998795215e-09
8.0	0.9345973858467238	0.4032351429816537	1.0999999999062336e-09
9.0	0.992664248476821	0.42876664222731614	1.0000014738887684e-09
10.0	1.1787040029308808	0.5751205510385278	0.02584508612183784
11.0	1.2002915339398015	0.4841188627227989	0.027230202067668238
12.0	1.3168679573000974	0.5428119820195753	0.032866802399823904
13.0	1.2917753284122286	0.5845761680633562	0.026399251471785623
14.0	1.212772174587783	0.5952738985193654	0.023005678254381923
15.0	1.1178348650420038	0.588679098372966	0.021491443702417054
16.0	1.045623501377281	0.5884636138931875	0.019905970208203498
17.0	1.092270498833421	0.6084197284023655	0.020557685998372727
18.0	1.0398723456960743	0.6217191432575908	0.019744340293048862
19.0	0.9747780815940472	0.6171405105868256	0.01937007604801513
20.0	0.9243918536541706	0.6217670715096987	0.019010161287014916
21.0	0.883012470317863	0.6288688059324455	0.018828428213847954
22.0	0.9160566671692363	0.6071218464220982	0.015118615165141742
23.0	0.8614890865604222	0.5841181677635056	0.015090311796567404
24.0	0.819298742434331	0.5766176940095743	0.014871696311728652
25.0	0.7794945773296642	0.5594379631516305	0.014948153954524748
26.0	0.7489818113266637	0.5588099729342737	0.015018476448559017
27.0	0.7470015955000018	0.4895444515439411	0.01057850763364968
28.0	0.7168272787747128	0.48313949394243205	0.010464738660921595
29.0	0.7006296864549578	0.4985467302872192	0.010965649065704587
30.0	0.6637713729029908	0.4669971909828905	0.009784619341339654
31.0	0.6406988732378315	0.2907369148109494	1.0071857012476324e-09
32.0	0.6566272304286642	0.2978190568290441	1.0081146101569348e-09
33.0	0.6673873757205091	0.2989753158463699	1.0243383802204312e-09
34.0	0.6935863223417889	0.30354104588500913	1.0203463901911703e-09
35.0	0.7023940399577941	0.30444215122424567	1.0942256466287999e-09
36.0	0.7074235474988638	0.3044309168003503	1.0999999839187889e-09
37.0	0.9158164344031154	0.8083612836691265	0.023278743885312918
38.0	0.7317299415046689	0.31244882916546396	1.0355974787854362e-09
39.0	0.9674393789181626	0.8355649531441356	0.02082891163631717
40.0	0.7696457078584314	0.3242989995682888	1.0009083687667814e-09
41.0	0.7599712480796482	0.32150940431978253	1.0007385185523696e-09
42.0	0.7419362617433815	0.31892354748339946	1.0020000219549516e-09
43.0	0.7305438789810907	0.31634659899301526	1.0999997375599706e-09
44.0	0.7345315421074864	0.31625355117373727	1.00068525360012e-09
45.0	0.721646953392595	0.3133871639862502	1.0058465517295643e-09
46.0	0.7068078837428132	0.31153645590847145	1.0036165175452033e-09
47.0	0.6922699186616603	0.3097331122786792	1.0005889680002711e-09
48.0	0.8871314023173869	0.9635472317669076	0.02845415148567799
49.0	0.715190888015436	0.31977309115707914	1.0008420906498577e-09
50.0	0.7010010027577629	0.31764760798820874	1.0038073683926451e-09
51.0	0.6879338200138649	0.31617523947710763	1e-09
52.0	0.6755805774156504	0.31494975099617023	1.000574412089262e-09
53.0	0.7869211134704509	0.966454589102864	0.026773426461135712
54.0	0.6866030133302244	0.3255468317149257	1.0007952502094732e-09
55.0	0.6739800107816475	0.3239129405792213	1.0004530445790873e-09
56.0	0.6623970070253641	0.32254100016514775	1.000017050806163e-09
57.0	0.6521025781235477	0.32015882096087644	1.0005076589054087e-09
58.0	0.6434112095232046	0.3205893922078887	1.00027696291905e-09
59.0	0.6576433202969648	0.3233155986280378	1.0003383528605049e-09
60.0	0.7407989627298325	1.0162483659072896	0.026601046083751103
61.0	0.6731329912835508	0.32289056969683455	5.335914321099288e-07
62.0	0.7230644696143996	1.0114044847075117	0.025080428011222258
63.0	0.6786828929941338	0.3250726125466928	2.844518748622445e-07
64.0	0.6677541793871571	0.32338970670363393	2.8776031697333235e-07
65.0	0.6585083980154461	0.32317530892195795	2.9162459327995185e-07
66.0	0.649397672788405	0.32120551820076937	2.9523441473294613e-07
67.0	0.6405642669331186	0.3208503370069967	2.9901512409322384e-07
68.0	0.6322707927373201	0.32066742539106896	3.0326407527372186e-07
69.0	0.636477773638167	0.3215566403206065	3.1453232766631277e-07
70.0	0.6629872327889188	1.025062933360452	0.023868831323892614
71.0	0.6525416509567719	0.32931287058857817	2.991122082620816e-07
72.0	0.645251297123246	0.32992287741725573	3.045808753470043e-07
73.0	0.6608908347673987	0.33604175622846366	2.7900459016555907e-07
74.0	0.6518996818504413	0.3353693588028617	2.8257033834006814e-07
75.0	0.6429623562767003	0.33451973832189064	2.8621025161670296e-07
76.0	0.6104073643035486	1.0325016310008457	0.02179615347671613
77.0	0.6450037512491371	0.3323250557352124	1.0002137227393069e-09
78.0	0.636119633632567	0.3310610779610152	1.000145459285694e-09
79.0	0.6285227527646301	0.33076379045134	1.0000314379540437e-09
80.0	0.6203852339116768	0.3295728017267768	1.000045843926932e-09
81.0	0.6132157320013004	0.3293376350372378	1.0000366761630372e-09
82.0	0.5586660687352681	1.0335877326981828	0.020931019973860297
83.0	0.6174206046761539	0.33070631917927923	1.0002097235527705e-09
84.0	0.6110458431557858	0.33093338729399274	1.000005058478373e-09
85.0	0.6042379671441612	0.3308933215114636	1.0000030057537585e-09
86.0	0.6166852371197384	0.33678071533697496	1.0000118783858179e-09
87.0	0.6089867256518371	0.33578646879626983	1.0000035404685522e-09
88.0	0.6024003504798092	0.33577673911795014	1.0000039414805828e-09
89.0	0.5960599991468513	0.3344122685738198	1.0000037592382457e-09
90.0	0.5892325788502998	0.3337489182446489	1.0000029193033264e-09
91.0	0.6011462984793801	0.3353832407151063	1.099986159895079e-09
92.0	0.5422183531825655	1.0652782978697357	0.021439344332164583
93.0	0.6177428506700389	0.3426569733232772	1.0001156903940243e-09
94.0	0.630235524698602	0.3482106169407178	1.0000041523142586e-09
95.0	0.636252222019965	0.34973228033259113	1.0000066946170168e-09
96.0	0.642693813046959	0.35128755178975446	1.0000052604794264e-09
97.0	0.6491383278740542	0.3529345431528096	1.0000104954307348e-09
98.0	0.581735890104101	1.0895433693800674	0.023088867930563445
99.0	0.5836962139765811	1.0918824580315363	0.022168729170483074
100.0	0.6693516931567244	0.35349370952215414	1.0000137384537904e-09
101.0	0.662060787137774	0.35341856058516014	1.000000026917918e-09
102.0	0.6549441467417587	0.3532237364113935	1.0000016424036584e-09
103.0	0.6475108971797217	0.3523758121769551	1.0000011695037651e-09
104.0	0.6405943075991092	0.3518361204675085	1.0000011345100018e-09
105.0	0.6411110971279679	0.35134149120634117	1.0000058173758673e-09
106.0	0.6340301087115982	0.3505312125872768	1.0000014399041453e-09
107.0	0.6272247525944129	0.34965426571296826	1.0000013999942628e-09
108.0	0.621434942581077	0.3498148818320322	1.0000009368568505e-09
109.0	0.616149641074967	0.35027062070856196	1.0000023976621502e-09
110.0	0.5357555305884678	1.131988507136408	0.023300666523500053
111.0	0.6184289145444428	0.3541245012371464	1.000001199849552e-09
112.0	0.6129030048048618	0.3544137118668175	1.0000010169374834e-09
113.0	0.6146643366481992	0.35488645318757733	1.0000000942607623e-09
114.0	0.6168861274445243	0.35541694539501295	1.0000010217972906e-09
115.0	0.6111684298188184	0.35548140660996097	1.0000018859480086e-09
116.0	0.49843134209315276	1.09562547803972	0.021455171169062554
117.0	0.6149069630001016	0.36059053479853886	1.000015423645898e-09
118.0	0.6087613875817666	0.3599443819092554	1.0000012314279168e-09
119.0	0.4840240789503691	1.0981580593289566	0.020604702414856523
120.0	0.6111436278555067	0.3628404804469679	1.0002744659700043e-09
121.0	0.6062089073118345	0.36226308409722946	1.0000010140999102e-09
122.0	0.6008396789570944	0.36246908177158704	1.000001312597449e-09
123.0	0.5955656438490124	0.36265592710391314	1.0000016106519352e-09
124.0	0.5947863674224299	0.3621866617311494	1.0000014359988687e-09
125.0	0.5898087422967737	0.36230631395521185	1.0000063185672213e-09
126.0	0.5908627112091597	0.36186627310098507	1.0000207738247904e-09
127.0	0.5859191061321959	0.36211645711621354	1.000002895015959e-09
128.0	0.5952734099739202	0.3632280901406098	1.00000174380473e-09
129.0	0.5975333279298412	0.3636432476367094	1.0000015225028661e-09
130.0	0.6011129096786045	0.36480344694553846	1.0000054199209468e-09
131.0	0.601810729505587	0.3649438016103901	1.0000067377619947e-09
132.0	0.6055107028537067	0.3656857965283683	1.0000024622587751e-09
133.0	0.610942753305291	0.3678805466127803	1.000002075260997e-09
134.0	0.608972155642914	0.36717054063977644	1.000053895444531e-09
135.0	0.4948916672938817	1.0912464837604223	0.024063723892132658
136.0	0.49496625798473004	1.0908369169992875	0.023196203071810546
137.0	0.6153651633627444	0.3719655090407275	1.0000102337632736e-09
138.0	0.6103165291412498	0.37199908504142537	1.000003589591532e-09
139.0	0.6104792111391695	0.37183385979113537	1e-09
140.0	0.6053138162324008	0.3719894577750377	1.000000848393644e-09
141.0	0.6023076707765171	0.37111101388846646	1.000001766097057e-09
142.0	0.6035240909224111	0.37120955670648503	1.0000009461477777e-09
143.0	0.6021937971588007	0.3708697797954738	1.0000008400338167e-09
144.0	0.6006393353120827	0.3701598024590086	1.0000011423883874e-09
145.0	0.5965451528252586	0.3695806709072014	1.000001044731811e-09
146.0	0.5987193008076934	0.3703312775835347	1.000001174217967e-09
147.0	0.5988104995126188	0.37046752699633106	1.0000029666681178e-09
148.0	0.4989394111573562	1.1026954981271315	0.022755152182620066
149.0	0.4985325664610715	1.102132421777803	0.021993403650110134
150.0	0.607829562290833	0.3751795687763543	1.0000002926445327e-09
151.0	0.6035936163899847	0.37462083241079924	1.0000003526795043e-09
152.0	0.6033605363948559	0.37457653113837286	1.0000003231242651e-09
153.0	0.5995812143686607	0.3739779513533624	1.0000006017680024e-09
154.0	0.5941375528156124	0.37406014899199985	1.0000004464148991e-09
155.0	0.5923059240718841	0.37364415241712384	1.0000002565789605e-09
156.0	0.587368625300448	0.37302747190551844	1.0000003453494903e-09
157.0	0.5833157674981355	0.3722858634243928	1e-09
158.0	0.5788359745132527	0.3718836235223165	1.0000011924665095e-09
159.0	0.5750047813895958	0.3722665763452886	1.0000014531311316e-09
160.0	0.5709511983129602	0.3718203312987061	1.0000005950715372e-09
161.0	0.572735345858016	0.37226784759675946	1.0000029840717932e-09
162.0	0.5766852354444987	0.3739213120045508	1.0000020329461622e-09
163.0	0.5759146823738568	0.3736289452148773	1.0000021596628635e-09
164.0	0.5719334853078916	0.37428012288238727	1.000001507842602e-09
165.0	0.5673747174338755	0.37379290040716506	1.0000112050901305e-09
166.0	0.5732092742220911	0.3732950114341278	1.0000013407948588e-09
167.0	0.5712509256597181	0.37274681746837146	1.000000574814424e-09
168.0	0.5768585062300194	0.3741331528369037	1.0000008984800287e-09
169.0	0.580928374390952	0.37408346198996834	1.000000683360543e-09
170.0	0.5873403659457659	0.37168903502462847	1.0000003924719225e-09
171.0	0.5888845925930004	0.3721370225878839	1.000000675208617e-09
172.0	0.5149995574738561	1.1264066529137806	0.02478118038476511
173.0	0.5891478763003412	0.37489816663430237	1.0000043670872066e-09
174.0	0.5878699609881142	0.37429905166506594	1.0000003270618628e-09
175.0	0.5861069827821074	0.3739686738962137	1.0000004398275913e-09
176.0	0.5891284614121505	0.3745677929351815	1.0000000010240792e-09
177.0	0.5845478685316673	0.3741758620570546	1.0000005385523324e-09
178.0	0.5844401401004053	0.37408618462049925	1.0000005356620955e-09
179.0	0.5809935057371589	0.373506982181712	1.0000005006216234e-09
180.0	0.5820754896243194	0.3737157715322643	1.000000479457984e-09
181.0	0.5320686418166092	1.1374679293163426	0.025940794959582777
182.0	0.5837756980424986	0.37573550042176584	1.0000101654186067e-09
183.0	0.5793482404914677	0.3753779125463049	1.0000003457929554e-09
184.0	0.5781300461826067	0.37518713560336503	1.000000455014992e-09
185.0	0.5770927529039691	0.37499159317759145	1.0000003755706808e-09
186.0	0.5741700428254469	0.3744191378961735	1.000006006366975e-09
187.0	0.5775059338258466	0.3746569290677629	1.0000007523541e-09
188.0	0.5791200826632706	0.3748526935320343	1.0000003309028528e-09
189.0	0.5793111161194304	0.3747882914764629	1.000000526920728e-09
190.0	0.5790283306483092	0.3748040918679108	1.0000005655781002e-09
191.0	0.5484861862405326	1.097045121030946	0.02401172840616727
192.0	0.5767502151491696	0.37734074257889727	1.0000006542626109e-09
193.0	0.5741636526979976	0.37669393430522013	1.0000003183339493e-09
194.0	0.5700621771897515	0.37637399807610283	1.0000004217149905e-09
195.0	0.572373404453896	0.37721204103572364	1.0000005153961062e-09
196.0	0.569424955748845	0.37656971188573474	1.0000004243927657e-09
197.0	0.5652375690584199	0.3762676218982928	1.0000003289521285e-09
198.0	0.5640350152387612	0.3729016280647752	1.000000329358812e-09
199.0	0.5651989534388833	0.37316219297084285	1.0000009862286864e-09
200.0	0.564508593075389	0.3726255521607201	1.0000010096846411e-09
201.0	0.5613924442260528	0.3723183619834507	1.00000081935818e-09
202.0	0.5636385642802413	0.3727236542246888	1.0000006227466664e-09
203.0	0.5444400336456791	1.08384115717447	0.023245822867189736
204.0	0.5691579535368194	0.37435786604117427	1.0000006974593564e-09
205.0	0.5669557769132385	0.3739012132587414	1.000001012807004e-09
206.0	0.5654376716432531	0.3736524005279775	1.0000002702165563e-09
207.0	0.5640429066802211	0.3734267682336412	1.0000007303889058e-09
208.0	0.550626249015856	1.1049998540717758	0.024064667822087982
209.0	0.5652496697729523	0.37548746254539095	1.0000007813432255e-09
210.0	0.5616757576088475	0.37498767378556996	1.0000005903170732e-09
211.0	0.5584411721943634	0.37460035172967265	1.0000004763356777e-09
212.0	0.5557913041265468	0.37408251533656406	1.000001489722997e-09
213.0	0.5521384704152145	0.37374157710546413	1.0000003450220171e-09
214.0	0.5536397837220071	0.3741517696852265	1.0000004561365562e-09
215.0	0.55223615471636	0.3739161307880787	1.000006488244937e-09
216.0	0.5506873598519314	0.37349714675093115	1.0000004724099362e-09
217.0	0.5581546795072212	1.115762953986896	0.023646854733586905
218.0	0.5572549722734728	1.1152975026908074	0.023070883516140808
219.0	0.5519121522819971	0.37629065735967393	1.0000596353790728e-09
220.0	0.5484684279697989	0.37599581599756743	1.0000005907695278e-09
221.0	0.5505665935177442	0.3769279147969081	1.000000361696358e-09
222.0	0.5471882209630348	0.37645103350747516	1.0000011723863781e-09
223.0	0.5492568641877992	0.37712765577766194	1.0000007746050118e-09
224.0	0.5457045204954589	0.3768416804657111	1.000000182049687e-09
225.0	0.5430900123267863	0.3764431345759136	1.0000014061270654e-09
226.0	0.5403972575373379	0.3760112999501838	1.0000003337437343e-09
227.0	0.5372480369715268	0.37549627323783186	1.0000001726985361e-09
228.0	0.5380118421815872	0.37784457400441085	1.0000008764722445e-09
229.0	0.5345925492777532	0.3776646506025859	1.0000039028503704e-09
230.0	0.5316307217798645	0.3771631351145972	1.0000007113757535e-09
231.0	0.5305800839023161	0.3770117035530833	1.0000011827917182e-09
232.0	0.5327462451787255	0.3778767294707425	1.0000003321577991e-09
233.0	0.5309268461703167	0.3774587894972826	1.0000002522037249e-09
234.0	0.5325805044954245	0.3778470378631998	1.0000003512274481e-09
235.0	0.5324463344753043	0.3778487972263383	1.000000597997414e-09
236.0	0.5286726418761041	0.37723198489781723	1.000000433502575e-09
237.0	0.5281399821706708	0.37690750053412336	1.0000009163117344e-09
238.0	0.5746771781069913	1.1336666662442414	0.022149451302324437
239.0	0.526384252502643	0.37646565192633835	1.0000025044828772e-09
240.0	0.5241003009294685	0.3761632100588035	1.0000008434941539e-09
241.0	0.5219096985570424	0.3758447574985694	1.0000004453867122e-09
242.0	0.5181102269266676	0.37557999115730606	1.000000271636838e-09
243.0	0.5695099171071605	1.126969714118255	0.021151009982334865
244.0	0.5221252885971774	0.3759506380681056	1.0000024505537393e-09
245.0	0.5230933019964819	0.3761310773434844	1.0000000770088684e-09
246.0	0.5191915133426245	0.37581309601247964	1.0000005167935815e-09
