Iteration	GP_regression.Mat52.variance	GP_regression.Mat52.lengthscale	GP_regression.Gaussian_noise.variance
1.0	0.9350883251379966	0.0032694316609123077	0.020819405633207173
2.0	0.9350883251379966	0.0032694316609123077	0.020819405633207173
3.0	1.0842144172444947	0.09442238334993638	0.014063707273766988
4.0	1.188114994530373	0.10445261252919164	0.010597256420524222
5.0	1.2141501354964503	0.17746416019055117	0.00824733377772754
6.0	1.2043057552726149	0.17034944780677122	0.008664673801735186
7.0	1.3392597567184403	0.22635216012226458	0.007524119016405665
8.0	1.320210997816475	0.22143893261197833	0.007814339858331784
9.0	1.3809653912852795	0.1736246874295264	0.007990483603326893
10.0	1.4486329089724543	0.1987922909656994	0.006709337874213967
11.0	1.4981590345581615	0.20808046131375607	0.006752915799066164
12.0	1.5156036686208556	0.21062834901039548	0.006755497966159711
13.0	1.6840583087997905	0.23734113325985726	0.005570370565414881
14.0	1.5481227922194356	0.20197111752301564	0.006092488199465987
15.0	1.3855520664229093	0.1936242411740923	0.005862838400845322
16.0	1.2668204396271205	0.1661244296604024	0.006414907631804206
17.0	1.1232807759216863	0.12736498820014827	0.007659265256929266
18.0	1.1590913111266294	0.13532573159457015	0.00799330449829163
19.0	1.511271397405685	0.2572973178724614	0.05738812535331901
20.0	1.378176606828285	0.19241372800389714	0.037830093801703095
21.0	1.5943339712134132	0.2565039670048737	0.07418768524461698
22.0	1.6698438542911322	0.2580107717475017	0.06299242986920589
23.0	1.5792551120132388	0.2588515964635719	0.0591465316639261
24.0	2.188108207906727	0.7272957251354976	0.15302345049505203
25.0	2.291272677209508	0.7404967053305478	0.14542519696811812
26.0	2.460475728222089	0.7794284818658919	0.1485511142732675
27.0	2.604295771401688	0.802420775396042	0.1474980667349726
28.0	2.610243643115624	0.7943107418204384	0.1456997712988041
29.0	2.730803316999809	0.8075740245415725	0.14237072333072753
30.0	2.8725051109675372	0.8269632722150969	0.14267876214180494
31.0	2.974545747638048	0.8323405829980544	0.13827565435692557
32.0	3.064795645452493	0.8343541889353036	0.13383223300561262
33.0	3.1500459675219568	0.8346892242556311	0.12969573909314727
34.0	2.1969419248813633	0.2819338253560586	0.052745571700655136
35.0	3.109725111074324	0.9647789817542081	0.10468426608360089
36.0	3.2105252446951575	0.9721056443524555	0.10332696770829433
37.0	3.320713372688234	0.9822512813992897	0.10342805563606121
38.0	3.42776769424135	0.9904899714580928	0.10309466181559516
39.0	3.5110100605422017	0.9916770717370106	0.10090073129176881
40.0	3.631451182555349	1.0048848982766927	0.10351099248354163
41.0	3.716939167466041	1.0060399516415504	0.10156675719506894
42.0	2.7384007449571284	0.31004339140567755	0.0425828190871081
43.0	3.4309600702669	1.0078143840077307	0.09279156957336201
44.0	3.5068014693569025	1.0091747959166388	0.09119060432394815
45.0	3.6274928960194894	1.0278171813889951	0.09823932163742971
46.0	3.726032368722108	1.0346349671970514	0.0994729123201184
47.0	3.7882751905382888	1.0348983173801671	0.0984637645159007
48.0	3.8850844519123684	1.040711234333061	0.09933063827742025
49.0	3.9891101277165646	1.0514088362044633	0.10469777723300218
50.0	4.0778860610578285	1.0541170901646097	0.10399741576022148
51.0	4.16445423015934	1.0562131452500898	0.10308668339666406
52.0	4.237404928932371	1.056676831612105	0.10190595334223851
53.0	4.325440653120743	1.058858810540218	0.1013109405670331
54.0	4.382453814819126	1.0587177507495353	0.10123071946343577
55.0	4.474046603349382	1.0617723048303969	0.10124727066861536
56.0	4.561077564184177	1.0635071473317823	0.10070705354751167
57.0	4.634598843623772	1.0632242689534235	0.09969292055232519
58.0	4.713450415857525	1.063347465818564	0.09876804056916773
59.0	4.744248937591569	1.064132423256668	0.10201184200422568
60.0	4.840818863424107	1.068774205507429	0.10286603006430345
61.0	4.920278726042675	1.0689823731253947	0.10204411471811367
62.0	5.012930137960729	1.072082801546239	0.10241373691467662
63.0	5.0690492291878435	1.071046400760462	0.10242647601719007
64.0	5.127569054295334	1.0694590970817184	0.1021032853766705
65.0	5.2038050193242915	1.0690035815666057	0.10134449246128543
66.0	5.261846451093749	1.0666155130115744	0.10088300079454472
67.0	4.246589734949929	0.3629675128085212	0.06177155701221583
68.0	5.863246368317075	1.0835986741269295	0.08848957171884887
69.0	4.12652785548716	0.38073933616558625	0.05532904502674658
70.0	3.787119658182505	0.39027211809862894	0.05339274871869321
71.0	3.852101457231067	0.4049729289813615	0.054264612796585565
72.0	3.894272753606142	0.39043355919224876	0.05262020801265883
73.0	3.9577696922051686	0.4000965890412532	0.053178508532294645
74.0	4.001190440589859	0.39076792269130034	0.05202029974639598
75.0	4.064473789313745	0.4095777335143321	0.054620353148479336
76.0	4.121462433834414	0.4072760147888113	0.05376344625325183
77.0	4.182613291966172	0.4131011611837034	0.054133863587254506
78.0	4.0039529517736145	0.4117712340149842	0.05480812351268034
79.0	4.043157296305949	0.40498495902874593	0.05396767238628909
80.0	4.102162887713835	0.40746482687354435	0.0538147840220172
81.0	4.144216662587911	0.4023542415248802	0.05304886923383515
82.0	4.181909030363699	0.3971658578564636	0.05250508109088223
83.0	4.22712108033287	0.3936279731394285	0.051747695277143846
84.0	4.261235975976773	0.38851992970574806	0.05139855446223111
85.0	3.932201958269926	0.4031379419817453	0.04798376898984659
86.0	3.9835172716721132	0.41456404491902965	0.04975788728493772
87.0	4.034881973581528	0.4176539625964429	0.0499669655409483
88.0	4.085592808977492	0.4179024148652266	0.04963911375483851
89.0	4.118750830574351	0.4143156169443813	0.04982381327382793
90.0	4.1552417712740635	0.4108845393164534	0.049723212391293056
91.0	4.199371872476	0.4081725702906571	0.04916782416936556
92.0	4.248013582379229	0.40722046933694256	0.04867374681903758
93.0	4.299149958395514	0.41031047546173477	0.04894337306153665
94.0	4.350048094814636	0.4143955468902881	0.04954775002023007
95.0	4.397543824647642	0.4127196273634325	0.04903329118536762
96.0	4.4419754221979995	0.41054838442786096	0.04859362974035111
97.0	4.291222898478979	0.4112437386710074	0.04906039163617371
98.0	4.340365705423661	0.41243573270732947	0.04903097667818424
99.0	4.390817159467534	0.4170781067836896	0.04989576134429002
100.0	4.428777670548975	0.41505291630489144	0.049673779218941956
101.0	4.4290481864986795	0.420707437896796	0.05391891894720752
102.0	4.409581081299363	0.44026481763598846	0.0629358153002479
103.0	4.444692041013114	0.43664664737347986	0.06293087366279666
104.0	4.479232752366062	0.45228393898515196	0.06816927860125215
105.0	4.525098715294226	0.4513997500290743	0.0677885900490978
106.0	4.5671977965243995	0.4483750676129152	0.06715377942878745
107.0	4.615627746637286	0.4535620761706524	0.06803285394830451
108.0	4.66392695321939	0.45717343049798564	0.06858631908141664
109.0	4.708439240850338	0.4550117138395241	0.06805024180832527
110.0	4.742949761475596	0.4515160852601351	0.06785087291405631
111.0	4.778964879013938	0.44806331955993006	0.06755186188478414
112.0	4.814022863125641	0.44462766131929854	0.06732677765200433
113.0	4.859884440125579	0.44378906186763367	0.06695670458652278
114.0	4.893583748145168	0.4403254597732492	0.06684250195751049
115.0	4.931901632852456	0.4368722569563564	0.06642508309048305
116.0	4.932951126243175	0.43516314403389955	0.06953046348285243
117.0	4.979154476626295	0.4358983333528627	0.06931194071263941
118.0	5.027047975643638	0.4429205828267183	0.07029161778601946
119.0	5.0732975361599735	0.44305786336892683	0.07007939646243995
120.0	5.117736262823916	0.4416083443162645	0.06964452729284204
121.0	5.156859321598802	0.4386299960238707	0.06924754961858838
122.0	5.203542494623537	0.4394558671448002	0.06915299487354211
123.0	5.185782755951404	0.4431816879225046	0.07467470972859269
124.0	5.231381803178022	0.4433742549523151	0.07444149041743678
125.0	5.271744369690577	0.4403034448594695	0.07396262870319761
126.0	5.314942925256153	0.4384139223437161	0.07350189711270895
127.0	5.349494361135303	0.4339364406110975	0.07328279977600297
128.0	5.393836329269936	0.43308931489425645	0.0729134492066496
129.0	5.39860170384386	0.4265170450607539	0.07523577067250721
130.0	5.441880548524526	0.4250537199960615	0.07479985514110779
131.0	5.478169453824866	0.4183607201112661	0.07438212664707554
132.0	5.514119227768757	0.4103904409501724	0.07398051644552808
133.0	5.55323042592156	0.40318456041887113	0.07344597127981814
134.0	5.595406604937431	0.40038360156635183	0.07290669174018656
135.0	5.620476996205784	0.41500296493008704	0.07556618324511408
136.0	5.660193214584555	0.4115146897866951	0.07509130513764956
137.0	5.693729335250274	0.40613358741683125	0.07490391229282715
138.0	5.736675771837451	0.4071295728013452	0.07473773116507064
139.0	5.775095475588584	0.40380683329364825	0.07433600965261927
140.0	5.2493638170971035	0.4139641786579615	0.0697493297521684
141.0	5.288281467851219	0.41007897035072594	0.06947668364548912
142.0	5.327854107328987	0.4091342266387838	0.0691018637328974
143.0	5.339553479307976	0.41977840555653284	0.07174480386979837
144.0	5.338413066999864	0.4163269518949835	0.07524221650591453
145.0	5.376150476063293	0.41675666495702024	0.0750488344747099
146.0	5.405622195555538	0.42126155714209984	0.07587859159735283
147.0	5.445085399654038	0.4193974712643757	0.0754711143160886
148.0	5.477719531682472	0.42287692179315284	0.07605471783874092
149.0	5.517469485815634	0.4217473082283192	0.0756882931124511
150.0	5.541537042582808	0.418644889514849	0.07652431039243983
151.0	5.579416880888403	0.41659324139104975	0.07620445508566674
152.0	5.615253764446988	0.4181529190741802	0.07637636957329792
153.0	5.653592987267759	0.4185509713980458	0.07625332837187103
154.0	5.6928109804508615	0.41732826293543535	0.07589777576166659
155.0	5.729093194169914	0.41537312810624377	0.07568940553828184
156.0	5.767974846990336	0.41419200266874084	0.07534739444100468
157.0	5.793723363909991	0.4189957388640094	0.07681123185728712
158.0	5.809007695237333	0.4272598123938186	0.07951750052534473
159.0	5.84642023194706	0.42533724620487234	0.07924544793601197
160.0	5.8859344869417685	0.42497885532741675	0.07900514410251101
161.0	5.873562083666242	0.4407478330095184	0.0847320994793056
162.0	5.913336930699388	0.439881756456981	0.08443040444583004
163.0	5.952775900356422	0.43975294641772605	0.08424919761355854
164.0	5.991447064716486	0.438059401400639	0.08392984026467848
165.0	6.014685895276855	0.4359845517678909	0.08468163307243277
166.0	6.053952016800843	0.4347413020095085	0.08435713643277132
167.0	6.07060224522135	0.4425481644052833	0.08689548510444976
168.0	6.109944797271222	0.44242536135357635	0.0867323115034874
169.0	6.1383683226938235	0.446960455382057	0.08798253935451095
170.0	6.177523870800936	0.44705157984851884	0.0878743343794266
171.0	6.217301451528049	0.4462051086607195	0.08760000914125488
172.0	6.255805294455528	0.44676621747838285	0.0876115433031811
173.0	6.295566163980724	0.4459129757595849	0.0873418787503883
174.0	6.305625192062438	0.44501429135289594	0.0890840051075671
175.0	6.339820594153934	0.4430933110360339	0.08902196061519888
176.0	6.350563777844707	0.45194642957307474	0.0921182523715162
177.0	6.378837363967022	0.45626128569105273	0.0933616900750202
178.0	6.4182311269384344	0.4551108004795277	0.09306930938663999
179.0	6.456576411561324	0.4555807206064659	0.09308795195114301
180.0	6.4950250607521856	0.4559908191637134	0.09309471724428003
181.0	6.532942269590656	0.4543771202132143	0.09283453485714728
182.0	6.543700750518844	0.4536500458543352	0.09446646531563566
183.0	6.581377153915755	0.4520671666768378	0.09421301820380673
184.0	6.62073175608063	0.4516326091506337	0.09402835597174698
185.0	6.659010729758195	0.45202013535924984	0.09404532040308695
186.0	6.697751060966722	0.45075351002601316	0.09377373031629484
187.0	6.736829134637532	0.4496420040359773	0.09350558534403505
188.0	6.775209949884547	0.4499732538543113	0.09351422220231553
189.0	6.813427941741115	0.45040016523583937	0.09355223363540187
190.0	6.848306585567499	0.44881272309729314	0.09346939092399366
191.0	6.882827426181244	0.450572630882326	0.09395688236681825
192.0	6.898135603386926	0.4572394441538694	0.09641757470335563
193.0	6.936298425595736	0.4558943627093744	0.09617634855964118
194.0	6.9726942691219405	0.4543837848290705	0.09601465733693373
195.0	7.004909868770844	0.45677155616412174	0.0967453610822591
196.0	7.002338525663288	0.4574418686371938	0.0992719536784838
197.0	7.041297204098779	0.45721285831112624	0.09915771337090651
198.0	7.074378536505401	0.4556638568572672	0.09916984629546471
199.0	7.111458690726419	0.456342885767091	0.09932254215211457
200.0	7.15028280092821	0.4562251054761015	0.09923920167007454
201.0	7.188945642689281	0.45621467248175707	0.09918554561642443
202.0	7.178971790203557	0.46773149386065516	0.10391850940951655
203.0	7.212067221268681	0.46974375696291226	0.10452931456555165
204.0	7.244886973193218	0.4681275070617412	0.10454091914326687
205.0	7.283572299686165	0.46700935556684875	0.10429799114644762
206.0	7.3226922401339145	0.4663564819175265	0.10411146102799171
207.0	7.344620976442263	0.4652691443372682	0.10482514840354522
208.0	7.337646551236154	0.46655769296970795	0.10757777844934807
209.0	7.375656964598604	0.46534008855160824	0.10733905872134067
210.0	7.414320876513223	0.4643475641527187	0.10710422526184342
211.0	7.445866344668283	0.4664018946769838	0.10781146612520852
212.0	7.484549435809472	0.466019694024601	0.10768849560138295
213.0	7.522116542439064	0.46624332512253186	0.10773623408898997
214.0	7.561018916505523	0.4654522691533849	0.10753085742658772
215.0	7.599813207980425	0.4646194233288703	0.10732073617058989
216.0	7.627709238658977	0.4633891644569745	0.10763620462074408
217.0	7.660886969039152	0.46206131226912184	0.1076453158178073
218.0	7.699174170385854	0.46185504301867	0.1075694575002524
219.0	7.738030894539489	0.461078364484387	0.1073674179904424
220.0	7.775404437830967	0.4613393953623817	0.10743705650595359
221.0	7.801339034231453	0.4602951667231294	0.10787059423732712
222.0	7.840013796011326	0.4599488327192496	0.10775758391347336
223.0	7.875735470193033	0.46069392208132576	0.10800899231095988
224.0	7.910281975711228	0.4594830595852275	0.10794882653209985
225.0	7.947574667911618	0.45974848343407226	0.10802755583437527
226.0	7.970868436953934	0.45889671910648205	0.10861932863469702
227.0	8.006396289935052	0.4577672572405187	0.10851294379600353
228.0	8.01253093782357	0.45806752148379226	0.1101866874345942
229.0	8.017196022042393	0.45861219849726087	0.11194774447760338
230.0	8.051968285656104	0.45759309949374977	0.1118624986221689
231.0	8.087120728972698	0.4581781516484795	0.11213190330832679
232.0	8.111129087168155	0.4575729788173104	0.11265015690886111
233.0	8.148048845126059	0.45768250726156945	0.11272806607588248
234.0	8.186209236539465	0.4568928336924286	0.11253194452835845
235.0	8.218388624689744	0.4559985947509688	0.11258661930696139
236.0	8.25430434458997	0.4551019139045697	0.11245452327173443
237.0	8.285520496015858	0.4563347098799856	0.11307969194382286
238.0	8.323283337358776	0.45619292732758476	0.11305812579021608
239.0	8.355502648476094	0.4572977932964938	0.11358777628266038
240.0	8.380317781571188	0.45668367155360895	0.11405069062327708
241.0	8.418370867758622	0.4564245409500669	0.1139870717457723
242.0	8.456668342141525	0.45607338408492537	0.113890541303664
243.0	8.494570172535262	0.45530206483670776	0.11370902713919824
244.0	8.532845604955405	0.45496648193844735	0.11361610873439199
245.0	8.570956300015887	0.4547165149140454	0.11355150847162382
246.0	8.609041808020484	0.4539917066151369	0.11337497735975514
