Iteration	GP_regression.Mat52.variance	GP_regression.Mat52.lengthscale	GP_regression.Gaussian_noise.variance
1.0	0.9964262513475448	0.09486863889838353	1.0000000003418426e-09
2.0	0.9964262513475448	0.09486863889838353	1.0000000003418426e-09
3.0	0.16965985923189486	0.4945473168619192	0.8249047851663167
4.0	0.847306103426823	0.07878345982145193	1.9043638647962512e-08
5.0	0.902054476104142	0.08085879275961513	1.101211054873583e-08
6.0	0.9596921024633922	0.08661932038700361	7.500117765758004e-09
7.0	0.9666564912466379	0.08485975183289454	7.500117457379973e-09
8.0	0.9607031488696365	0.10788527766690212	0.007066109319600606
9.0	0.8987438724934941	0.18595317824972477	0.017069842372162667
10.0	0.886146161538164	0.20954047278664167	0.017888954123981855
11.0	0.8690699982973258	0.10477511799528874	0.004445254688835019
12.0	0.9084389313224661	0.11585691977802413	0.0065880829484537395
13.0	0.8921615947626211	0.13303048765191577	0.008276682999000301
14.0	0.9052837811590295	0.11301918580311877	0.005035371061901685
15.0	0.9693706382302154	0.11809298624498805	0.0051137127038228146
16.0	0.9633201206397184	0.12807418015141198	0.007026675466353934
17.0	0.9345690566736468	0.1255220185484685	0.007184259682555732
18.0	0.9429747349162494	0.12257142392043281	0.006759176882100017
19.0	0.9291182445286441	0.10518338475974859	0.0022999835263010503
20.0	0.9333757329010837	0.1034028081345119	3.789595893095039e-08
21.0	0.9129214175550171	0.10212004039284898	3.789595820500107e-08
22.0	0.9141145298647251	0.10108604830267826	3.789595725240445e-08
23.0	0.8980655667198296	0.0997079515884328	3.789595639490917e-08
24.0	0.8885431720341048	0.09824880183700319	3.789595538567981e-08
25.0	0.9091250844733922	0.0982774040578913	3.789595429623468e-08
26.0	0.8935231926888465	0.10505806428506358	2.1011854883386737e-08
27.0	0.8871982102779501	0.1031861458951657	2.101185404443655e-08
28.0	0.8833701168654065	0.10090196471438327	2.1011853000453595e-08
29.0	0.8688460540858871	0.10098156783520408	1.5113720340974055e-08
30.0	0.8770551555621604	0.1003250247645139	1.5113719832284954e-08
31.0	0.9149838366466299	0.10386740868325432	1.511371923683486e-08
32.0	0.9027835204585024	0.10293426537054971	1.5113718928268097e-08
33.0	0.9213863931093461	0.08428816280612081	1.3136295193242109e-08
34.0	0.9206524426067183	0.0832448790813578	1.3136294610071264e-08
35.0	0.911940692954749	0.08387268570235204	1.1955917204541921e-08
36.0	0.9032244511527361	0.08303191128759493	1.1464974975432497e-08
37.0	0.8946015415914186	0.0832594930285272	1.1464974583721515e-08
38.0	0.886305395641741	0.08269377591027645	2.246073221996846e-09
39.0	0.8789201515064617	0.08206622720429946	2.2460732186344246e-09
40.0	0.8997818700054737	0.08268906936616839	2.2460732150970595e-09
41.0	0.9032475338477652	0.08203470771430979	2.2460732100434492e-09
42.0	0.8965778753885971	0.08233140665919243	2.2460732051824376e-09
43.0	0.9034642475958214	0.08195713236580501	2.2460732006348178e-09
44.0	0.8978117121592084	0.08134756289134748	1.0000000000086964e-09
45.0	0.8931283673187034	0.08222151188285301	1.099999999976838e-09
46.0	0.8871255589502574	0.08205064946512348	1.0999999999790826e-09
47.0	0.8904646303141911	0.0814961080904897	1.0999999999727054e-09
48.0	0.8969646968350783	0.08115412955320715	1.0999999999744649e-09
49.0	0.8949789603206022	0.08046842911273192	1.0999999999751264e-09
50.0	0.8912667450018434	0.07990845705328156	1.0999999999821167e-09
51.0	0.9916682025199793	0.09374024232669274	1.099999999963286e-09
52.0	0.9858016415292706	0.093138250225244	1.099999999975984e-09
53.0	0.9802156461705986	0.09307754448725572	1.0999999999726132e-09
54.0	0.9816435859410525	0.09245817403896196	1.0999999999633717e-09
55.0	0.9770996839361532	0.09166996027367373	1.0999999999671768e-09
56.0	0.9731064168706127	0.0908565319465949	1.002572963772202e-09
57.0	0.9686054464794281	0.09025844153998226	1.099999999982904e-09
58.0	0.9725809356382196	0.08997226428412651	1.0000000000080616e-09
59.0	0.9762749123520578	0.08968669236765796	1.0999999999683115e-09
60.0	0.9722150624956729	0.08914723627193816	1.0999999999784843e-09
61.0	0.9882598119824308	0.09118356005082735	1.0999999999783565e-09
62.0	0.9874943935298064	0.09043974839028994	1.099999999969123e-09
63.0	0.9839280723850186	0.08978897051721356	1.0999999999787203e-09
64.0	0.9821542338397655	0.08902595333875526	1.0999999999705903e-09
65.0	0.9774586415897404	0.08826025222742495	1.0999999999842752e-09
66.0	0.9906582111862632	0.08976683295088234	1.099999999979067e-09
67.0	0.9913291237381039	0.08926424680162796	1.0999999999690896e-09
68.0	0.988532858355032	0.08861948131087659	1.0999999999791835e-09
69.0	0.9855818386769285	0.08885528738907875	1.0999999999796362e-09
70.0	0.9852668551400904	0.08823350807249601	1.0218614300329027e-09
71.0	0.9850246954573444	0.09004169665378939	1.099999999972356e-09
72.0	0.9850397650252246	0.08946729483236604	1.0999999999716014e-09
73.0	0.9849698935831752	0.0888847663423379	1.0999999999719937e-09
74.0	0.9858118789175	0.08841541391201495	1.0999999999716256e-09
75.0	0.983454825912008	0.08788033255090248	1.0999999999808476e-09
76.0	0.9987155519065967	0.09044303826030584	1.0999999999781917e-09
77.0	0.9978448082204524	0.08985572850805754	1.0999999999718024e-09
78.0	0.9975233449252878	0.089280082773211	1.0999999999720085e-09
79.0	0.9952105738439934	0.08871702029587596	1.099999999985317e-09
80.0	0.9958029681657579	0.08827153716314166	1.0999999999722594e-09
81.0	0.9939339813166805	0.08771249431309684	1.0999999999808796e-09
82.0	0.9918530237697399	0.08787486750117486	1.0999999999817443e-09
83.0	0.9921618061497028	0.0874231881857868	1.0999999999735227e-09
84.0	0.9906937947491684	0.08686639644424367	1.0999999999814829e-09
85.0	0.9887269727867731	0.0864807149134686	1.0999999999817515e-09
86.0	0.9868023053053963	0.08608822841500231	1.0002095171101731e-09
87.0	0.9852756823281167	0.08560315711863478	1.0999999999868666e-09
88.0	0.9834097667036953	0.08555624947066424	1.0999999999783507e-09
89.0	0.9885398239078329	0.08603587150566797	1.0999999999824513e-09
90.0	0.991747175314958	0.08617721536326202	1.0999999999805967e-09
91.0	0.9901520394320911	0.08574769283304029	1.0999999999821444e-09
92.0	0.9893673824323724	0.08527536425012867	1.0999999999825452e-09
93.0	0.9879737118785141	0.08482829129446644	1.099999999986998e-09
94.0	1.0197427111876578	0.0954388917910004	1.0999999999777965e-09
95.0	1.0181588423087862	0.09484220328697444	1.0999999999832692e-09
96.0	1.019794868160538	0.09485367104656232	1.0999999999810964e-09
97.0	1.0196225396725238	0.0945389602650774	1.0999999999831726e-09
98.0	1.017951869300366	0.09404890962431281	1.0999999999833316e-09
99.0	1.0200221196885322	0.09422486456570973	1.0999999999868844e-09
100.0	1.0180945447276837	0.09373576454981182	1.0999999999834063e-09
101.0	1.0163537290793496	0.09326088574057072	1.0999999999835115e-09
102.0	1.014835973007365	0.09338035207240117	1.0999999999908954e-09
103.0	1.0152899359320653	0.09303611621197479	1.099999999983385e-09
104.0	1.0161709413605844	0.09281747582278564	1.099999999982904e-09
105.0	1.0150101189424268	0.09312267101728755	1.0999999999843755e-09
106.0	1.0138013251534628	0.09335725379277793	1.099999999984568e-09
107.0	1.0132009383563734	0.094359374298561	1.0999999999792695e-09
108.0	1.0378762762984253	0.10528959022351157	1.0000004566646171e-09
109.0	1.0429428650695824	0.10710725001929122	1.0999999999869561e-09
110.0	0.9344432621500067	0.19718189991611815	0.12708960590470098
111.0	0.9025341819062783	0.18902352384733676	0.09197517222592695
112.0	0.8329418624555807	0.18550456100182572	0.08765922610688431
113.0	0.7833282066518723	0.16860904790775305	0.06514820771607553
114.0	0.7609646722662484	0.10551167331783656	1.0336212021746125e-09
115.0	0.761569208605231	0.1052644678985814	1.0374228536712366e-09
116.0	0.7616956387626854	0.10526945112872747	1.0437288399206393e-09
117.0	0.7619037554452097	0.10498607942823451	1.0332724181418737e-09
118.0	0.7607406867774186	0.1047163146952265	1.0495785027772586e-09
119.0	0.7630582038042902	0.10463475608906853	1.047056067882496e-09
120.0	0.762075961542508	0.10434457030458294	1.0474842871342527e-09
121.0	0.7611131329219807	0.10407161095155304	1.0442133136032839e-09
122.0	0.7605486806817485	0.10377385073007575	1.0387806488320057e-09
123.0	0.760203607374579	0.10348185148126375	1.0314281662233387e-09
124.0	0.7603584118567001	0.10365543234301997	1.0352999416532593e-09
125.0	0.7593697855677115	0.10340773629971958	1.047867583834552e-09
126.0	0.758820408137424	0.103122766816631	1.0499781655133554e-09
127.0	0.7580682416710965	0.1028904025160723	1.0999999947776642e-09
128.0	0.7641371555299238	0.10326431668895864	1.0340692560251103e-09
129.0	0.7637080740173343	0.1029877189205432	1.0532142909995653e-09
130.0	0.7628235659934045	0.10278147427854184	1.041397311901175e-09
131.0	0.7640755665734662	0.10259095095690059	1.0314030755430696e-09
132.0	0.7698277914042033	0.10288806608110049	1.0501731757938246e-09
133.0	0.7689863848711799	0.10267524530953943	1.0507323042490674e-09
134.0	0.7697587577455445	0.10251093667113455	1.046679420908346e-09
135.0	0.768986920756847	0.102273622726275	1.0528088410435611e-09
136.0	0.7682935228110881	0.10202618870015531	1.0534636451991475e-09
137.0	0.7676208699507875	0.10191935936631719	1.0999999953108412e-09
138.0	0.76769181715975	0.10199931455266616	1.0429144807521789e-09
139.0	0.7706429678385016	0.10200200308086252	1.0441064719971418e-09
140.0	0.7700634491508854	0.10193350542178346	1.0999999965685088e-09
141.0	0.7694341178731737	0.10184883729569101	1.054274450057801e-09
142.0	0.7685589042001952	0.10150422528211282	1.054817653400163e-09
143.0	0.7681678267579949	0.10126494077732141	1.045864950124769e-09
144.0	0.767582618101648	0.10103264848574701	1.057728641596773e-09
145.0	0.7759344369966868	0.10177606757163733	1.0504532244214376e-09
146.0	0.7760522290487845	0.10155485003427342	1.0819319539499709e-09
147.0	0.7759776805320678	0.10132537880959991	1.0675948774170866e-09
148.0	0.7752933569327205	0.10117163027346579	1.0621491139657717e-09
149.0	0.775387980207391	0.10095619788755165	1.0605335625839547e-09
150.0	0.7747101636690698	0.10077632437032757	1.0632977753637865e-09
151.0	0.7740952549065856	0.10059620139614397	1.0958465747466902e-09
152.0	0.7735419726268432	0.10049800107630719	1.0545014839489112e-09
153.0	0.7750543981630421	0.10042183623112265	1.060508330252719e-09
154.0	0.7744858358202747	0.10022705574986801	1.055959487745599e-09
155.0	0.7739909584507491	0.1000046943495505	1.0999999970201397e-09
156.0	0.773648408308629	0.0997914213146695	1.099999997138018e-09
157.0	0.7731585863188677	0.09950318343250227	1.078095493665115e-09
158.0	0.7732228559551829	0.09959958804170237	1.058987575439068e-09
159.0	0.7726435923136734	0.09946184238759248	1.055516085764723e-09
160.0	0.7867817990046488	0.10230894565669749	1.0602976454137844e-09
161.0	0.7855194909107814	0.1011522680459014	1.0999999942755072e-09
162.0	0.7850870324438494	0.1009422469630781	1.0617342250492724e-09
163.0	0.7860022743410636	0.10105194818838727	1.080579623484159e-09
164.0	0.7857072257932254	0.10084122451283316	1.0667394312060956e-09
165.0	0.7854560349986077	0.10085601226730767	1.0487059111852013e-09
166.0	0.7848751931794103	0.10069005719781833	1.0552585885183465e-09
167.0	0.7872952762957063	0.1006884175234904	1.0641423610226721e-09
168.0	0.7868038393432762	0.10051838097062538	1.075101038864227e-09
169.0	0.7888034184389784	0.10045304981681993	1.099999995794858e-09
170.0	0.7887850192790054	0.10028962808137461	1.0586981583748864e-09
171.0	0.7893066152184336	0.10011028029635712	1.1000458527852518e-09
172.0	0.7890272481426356	0.0999124817139519	1.0542466720268719e-09
173.0	0.7891623217333703	0.09973370112722972	1.0917091872482808e-09
174.0	0.7899269434151259	0.1000206035126284	1.0999999968091156e-09
175.0	0.7894629126954755	0.09986364043014177	1.0999999970124467e-09
176.0	0.7950056693741313	0.10030131168433351	1.0999999961266301e-09
177.0	0.8005260270347397	0.10072360493451905	1.079127379287507e-09
178.0	0.8017981947228583	0.10067193377647375	1.099999997195435e-09
179.0	0.801483546630736	0.10047822334478664	1.0914269547898606e-09
180.0	0.8034714869849857	0.10045122382403285	1.0591117944597492e-09
181.0	0.8032518693327454	0.10037916912186957	1.0999999969503147e-09
182.0	0.8027547137359954	0.10021262405812947	1.0639043682642236e-09
183.0	0.8022873485497326	0.10002003940272938	1.0695453803435515e-09
184.0	0.8032366140495446	0.09989045550226876	1.0982111014175696e-09
185.0	0.8028261292288505	0.09978806579121652	1.081519812744364e-09
186.0	0.8023013608847767	0.09954970358052917	1.0795027008755646e-09
187.0	0.8018776722090415	0.09938953174114587	1.0999999971441558e-09
188.0	0.8026939228556189	0.09969516481615416	1.0754355345870535e-09
189.0	0.8053429741519514	0.099854120954959	1.0000311248406127e-09
190.0	0.8051847753537023	0.09967625468653524	1.0999999973816894e-09
191.0	0.8054032137394671	0.09951200776908961	1.0764067600955479e-09
192.0	0.8049010121604437	0.09918988328858575	1.0999999973368138e-09
193.0	0.8045095171000539	0.09906469441326485	1.0894828983852536e-09
194.0	0.8042506530231989	0.0988838987615879	1.0744263170915618e-09
195.0	0.8039163205857784	0.09869404716605337	1.0772166915792607e-09
196.0	0.8035475955545835	0.09860603843744115	1.0919354969838487e-09
197.0	0.8032306494615615	0.09849881632465049	1.081488655364687e-09
198.0	0.8072336150250224	0.09873930501358148	1.085520132980176e-09
199.0	0.8083975395698852	0.09869815067817297	1.09971875239574e-09
200.0	0.8080356783687503	0.09858912573802162	1.0746640631327166e-09
201.0	0.8080675844577334	0.0985993840634749	1.0999999989232616e-09
202.0	0.8077611216252957	0.09845115676322597	1.0999999973765935e-09
203.0	0.8083791514767881	0.09830796320223244	1.099999997887723e-09
204.0	0.8104881004725417	0.09836849524232581	1.0729998529858735e-09
205.0	0.8110241296234066	0.09822049791062334	1.0829982993581572e-09
206.0	0.8106789446215187	0.0981217344519682	1.0999999971181974e-09
207.0	0.8117599088222575	0.09803438853897059	1.0999999978929825e-09
208.0	0.8116761271147196	0.09787810108672182	1.0999999976474025e-09
209.0	0.8118795776540402	0.09772238141556913	1.0999999978260018e-09
210.0	0.8116327316322772	0.09767812630222282	1.0999999979195369e-09
211.0	0.8120385763967688	0.09753475045812046	1.0999999979257457e-09
212.0	0.8119266105586056	0.09737926421758575	1.0700843593193566e-09
213.0	0.8148198774942499	0.09751574415083195	1.0718494408453912e-09
214.0	0.8144965251089348	0.0974062206920133	1.0969909912436193e-09
215.0	0.8180378557160443	0.09784395089298009	1.0999999968632078e-09
216.0	0.8178595238461258	0.09769102640953797	1.0999999976020743e-09
217.0	0.8186887933835107	0.09758174661890466	1.0741286035891417e-09
218.0	0.8188175880604286	0.09754359998240296	1.0977080056120057e-09
219.0	0.8186550942531823	0.09740782034324913	1.0000000188446129e-09
220.0	0.8238581434887772	0.09792076152850819	1.0914927733506862e-09
221.0	0.8237936654782955	0.09779346195759053	1.0999999977008204e-09
222.0	0.8234870034762627	0.09770319923145575	1.082963992189789e-09
223.0	0.8232022409577984	0.09761472336600478	1.0999999971806088e-09
224.0	0.8238421260513308	0.09783137958564084	1.0722795917256677e-09
225.0	0.8245801371619368	0.09773331457271904	1.076045201198834e-09
226.0	0.8247666348612901	0.09759093864830728	1.0999999979066029e-09
227.0	0.8252266435504334	0.0975377677183258	1.0999999981102068e-09
228.0	0.8249717022250473	0.09741540055573837	1.091054925437916e-09
229.0	0.8247283889151876	0.09736401467413297	1.0999999980414035e-09
230.0	0.8247479232936021	0.09721758559925912	1.0999999978525042e-09
231.0	0.8244976821498481	0.09710313164581538	1.0999999975123063e-09
232.0	0.8244206563604422	0.09711958363208026	1.0874576958536883e-09
233.0	0.8241666177994793	0.09666340291592841	1.0868802811170843e-09
234.0	0.8238452641053888	0.0964823038820542	1.090560723498024e-09
235.0	0.8236589115755679	0.09644007140978343	1.079141328627444e-09
236.0	0.8281154141109228	0.09678870734191986	1.0999999970444013e-09
237.0	0.8284486597421947	0.09665978207761587	1.0917625039806927e-09
238.0	0.8290071202369627	0.09659544041118301	1.0999999982279032e-09
239.0	0.8287675533271583	0.09648222537684109	1.0999999975911815e-09
240.0	0.8284979935834513	0.09634024654853718	1.0999999976563363e-09
241.0	0.8333510121559955	0.09679578692179489	1.099999997096825e-09
