Iteration	GP_regression.Mat52.variance	GP_regression.Mat52.lengthscale	GP_regression.Gaussian_noise.variance
1.0	0.9451209781742282	0.2985520106672017	0.0005992078374135548
2.0	0.9451209781742282	0.2985520106672017	0.0005992078374135548
3.0	0.6889696267298439	0.39517525802905373	0.18549324721999735
4.0	0.7191287928908352	0.3515781551669576	0.11104185714937102
5.0	0.7722527492744189	0.2505648098369256	0.04065287236502163
6.0	0.79973787719348	0.3846503368177748	0.06400488199711911
7.0	0.8048514701762852	0.2966070786844857	0.07016421778126891
8.0	1.0807611847352643	1.0253811760981888	0.10483301591462735
9.0	0.8590956431621273	0.40288359559932363	0.07841420140355489
10.0	0.8624337902777139	0.3252353333465366	0.06959143026723584
11.0	0.865401008919882	0.17364694976071918	0.03588443597898816
12.0	0.8920467561132105	0.19247553373218118	0.029448989836789976
13.0	0.8639676269803286	0.18433447402180014	0.02906530736133684
14.0	0.8524260181223542	0.18035006322295657	0.029744797390447927
15.0	0.8681693280430376	0.18903281650802856	0.0274672586046828
16.0	0.8891064203908229	0.19716852578257973	0.024378018692154734
17.0	0.8742453550203012	0.15703300722296873	0.018350903973992617
18.0	0.8788776345621075	0.14175558909653768	3.227417175498273e-09
19.0	0.8941568084574537	0.14102157640107998	3.22741713342982e-09
20.0	0.9231549859020116	0.14715813293523322	3.227417059517882e-09
21.0	0.9064677166416593	0.14405927872690344	3.227417000164389e-09
22.0	0.9424526323601915	0.1470927236121993	3.227416957654231e-09
23.0	0.9422242341024918	0.14605549022819445	3.2274169072446094e-09
24.0	0.9466317454414837	0.14604701175882753	3.227416861196874e-09
25.0	0.8792826198140942	0.1168986043397978	3.2274168484336775e-09
26.0	0.8732203302462536	0.11524879410852155	3.2274168293912817e-09
27.0	0.8857953099187919	0.1147594733750733	3.227416810580226e-09
28.0	0.8758661774621811	0.10934653273838352	3.2274167854567986e-09
29.0	0.8608179895564135	0.10882963135854573	3.227416766852614e-09
30.0	0.8479041238431528	0.10773268782717384	3.227416751006162e-09
31.0	0.835027550394275	0.1071629763124248	1.0000012484533636e-09
32.0	0.8231192578013558	0.10714725206672944	1.0999999999565798e-09
33.0	0.8287032547785576	0.10796504025724594	1.0999999999599925e-09
34.0	0.8360179562179646	0.10902859111741965	1.0999999999647567e-09
35.0	0.8457222158509484	0.10987904688786702	1.0999999999810074e-09
36.0	0.8356361607866244	0.10898158965831045	1.0999999999810728e-09
37.0	0.8508428689165952	0.1113755838690914	1.0999999999687215e-09
38.0	0.8442422688187777	0.11029099596325902	1.0999999999755185e-09
39.0	0.8369735708231703	0.10931643006529176	1.099999999979138e-09
40.0	0.82961111431677	0.10844605437960884	1.0999999999805159e-09
41.0	0.8257208948803334	0.10612621137482059	1.0999999999723957e-09
42.0	0.8182417693800959	0.10545000493370418	1.0999999999820677e-09
43.0	0.8292756322352476	0.09932990973217003	1.099999999970637e-09
44.0	0.7979052156418878	0.10462853441077838	1.099999999803754e-09
45.0	0.793375005179404	0.1060049191866977	1.0999999998407612e-09
46.0	0.7975161092267633	0.10536750493491914	1.0999999998459518e-09
47.0	0.8107175747669199	0.11062196580854126	1.0999999997998539e-09
48.0	0.8002674919711983	0.10450721476573148	1.0999999998465232e-09
49.0	0.7926193481030736	0.10390739073402595	1.0999999998877552e-09
50.0	0.7856317651441433	0.10403095561231736	1.0999999998592816e-09
51.0	0.7807407312300114	0.10491764666711592	1.0999999998672155e-09
52.0	0.7768335911222056	0.10413173031962716	1.0999999998729603e-09
53.0	0.7701984600801303	0.10376339672854772	1.099999999905523e-09
54.0	0.7639554859348476	0.10380967405031948	1.0999999998790851e-09
55.0	0.7591861043696346	0.10319823069425671	1.0999999999102297e-09
56.0	0.7542735416490151	0.10265350500067673	1.099999999914976e-09
57.0	0.7492358914764568	0.10218655132410281	1.0999999999215309e-09
58.0	0.7466264481247844	0.10159734666333256	1.0999999998924243e-09
59.0	0.7420867651518332	0.10197345613559865	1.0999999998876252e-09
60.0	0.7405643907654582	0.1014186444743792	1.0014073356412002e-09
61.0	0.7483538406230205	0.10122268846799927	1.099999999898463e-09
62.0	0.7454890398478545	0.10072596333420694	1.0999999999213539e-09
63.0	0.7419859600403165	0.10030735237115883	1.0000006122694956e-09
64.0	0.7376124640398963	0.10029006588184011	1.099999999901298e-09
65.0	0.7340986900164153	0.09993677612181064	1.013444268094937e-09
66.0	0.7340183988862264	0.10126766124250909	1.0999999999031015e-09
67.0	0.7307213234215082	0.1017066195855655	1.099999999906409e-09
68.0	0.7116375391018571	0.08460701072317615	1.064810784012046e-08
69.0	0.6930146323004841	0.08670292897668107	0.011036219391985324
70.0	0.6891919432271788	0.08693904459315296	0.011549374587985396
71.0	0.6867091792871609	0.08674492256873098	0.012053458267602206
72.0	0.6833836600171511	0.08710685651902278	0.012496862226964923
73.0	0.6803601282122625	0.08699863225308496	0.01303223234877614
74.0	0.684960748766526	0.08670173601769769	0.012986546956731643
75.0	0.6816726066254112	0.08697796796965857	0.013448374756160779
76.0	0.680420292708013	0.08675832819755233	0.013872694498693735
77.0	0.6781454555828417	0.08661482194893311	0.014367212685273129
78.0	0.6753168077504492	0.08654294913492812	0.014879068683659638
79.0	0.6731441256270675	0.08702531147961035	0.015179528336855949
80.0	0.6715597408168321	0.08685737449390872	0.015629389294599047
81.0	0.676264765162484	0.08658878730009283	0.015560345078754421
82.0	0.6756038360380118	0.08638547912198528	0.01594504762568695
83.0	0.6853255409727287	0.08617377628871344	0.015397088693847035
84.0	0.6825176807165922	0.08621373496937645	0.015895574149207257
85.0	0.6854382258881141	0.08597699401472696	0.015903293372633187
86.0	0.6833897365780904	0.08587649258188208	0.01647248915386085
87.0	0.6812413826227963	0.08579849721814903	0.01694513299499163
88.0	0.6791387523756185	0.08573178952857785	0.01742250483752367
89.0	0.6766720360275905	0.0857479232758709	0.01790113756110536
90.0	0.6774097356614501	0.08553424583724732	0.01816286672122125
91.0	0.6971931553340842	0.08554853137897517	0.01647743476862398
92.0	0.7026089109763451	0.08534432555090901	0.01648053016084445
93.0	0.7008314801958329	0.08559885358806263	0.016590433738639707
94.0	0.6991794425891634	0.085500501379855	0.01702835599411228
95.0	0.698318336497628	0.08534666311078846	0.017408668257528556
96.0	0.7666219329471012	0.08789467469978021	0.0101900892229748
97.0	0.7653729607451579	0.08769481490805638	0.010526019006517878
98.0	0.7637343432081132	0.08754872697398534	0.010906040462539625
99.0	0.7639815193420678	0.08729800043292468	0.01111734191805344
100.0	0.7618999589003475	0.08726432587017262	0.011523804352435028
101.0	0.7602045859357529	0.08714575981332642	0.011905961448138902
102.0	0.758259781430517	0.08735648541186089	0.012250022799719821
103.0	0.7564625301484333	0.08728073803336439	0.01264613520551458
104.0	0.7613802490459327	0.08712670979433604	0.01242177943652676
105.0	0.7604658588991101	0.0875131041706483	0.012422036364365382
106.0	0.7748690271621121	0.08767860443672663	0.011221402491391837
107.0	0.7738358216155203	0.08750100444361224	0.011539204862400594
108.0	0.7778635154767332	0.08727292229040445	0.011314776486486289
109.0	0.7794381444194702	0.0870396537832481	0.01137645914950505
110.0	0.7779836159515598	0.0868913130910641	0.011617086092194712
111.0	0.7858738344121906	0.08678337765618462	0.010921118765200835
112.0	0.7858067930617932	0.08670761917179497	0.011271326809542221
113.0	0.7841789027798162	0.08658143749904114	0.011391173793849652
114.0	0.7830422539118835	0.08695317894709645	0.011627689025453185
115.0	0.7922467739129379	0.08690305427701696	0.010734378622843644
116.0	0.7907321403403311	0.0868395878344781	0.011089365405960686
117.0	0.792382231989063	0.08660461272288066	0.011102417408602662
118.0	0.7931874367410965	0.08640911855276319	0.011245174679550511
119.0	0.7936175156651091	0.08618745678552865	0.01139566415547838
120.0	0.7975811487275823	0.08598366408494762	0.01110818254599821
121.0	0.7963998243311013	0.08587649776176709	0.011437095727056206
122.0	0.7981248021768167	0.08565077154180922	0.011426395789223798
123.0	0.7967251054216512	0.08582114519930568	0.011722890954371677
124.0	0.7952843185438319	0.0857903714297876	0.012050644580812054
125.0	0.7948245272504444	0.08561932445263534	0.012332633135361239
126.0	0.7950640283183956	0.08543046343185397	0.012487145632562098
127.0	0.7936982026567627	0.08540129577790606	0.012824469135786085
128.0	0.7928420715657869	0.08528504882077134	0.012826841402880028
129.0	0.7943676530046856	0.085120921358378	0.013116019906032773
130.0	0.793108765281495	0.08508306940289208	0.013457257964327438
131.0	0.7919512929822488	0.08502318689296387	0.013791742341987863
132.0	0.7926737419761857	0.08482927632438476	0.013907546161402573
133.0	0.7913577203628789	0.08485103167949343	0.014248572287307144
134.0	0.7906710959505721	0.08473006464091083	0.014538271492857652
135.0	0.7984198657385393	0.08464614725550748	0.013650882399152763
136.0	0.7975827331988832	0.08471475918627437	0.01368708778460937
137.0	0.7963639450155211	0.08483141971505907	0.013984702623061257
138.0	0.8001029594508412	0.08495456580952288	0.013933146844678874
139.0	0.8002614600466839	0.08478504830251368	0.014112274319441719
140.0	0.8009741971173023	0.084597152067496	0.014211696879764465
141.0	0.7997905676684918	0.08460396097538371	0.014536837077385335
142.0	0.79859673757216	0.08466560898096483	0.014842476587426245
143.0	0.797813634108895	0.08457456081570011	0.015137986701591307
144.0	0.7976695113954375	0.08442542511896882	0.015352864352625865
145.0	0.7965248405140716	0.08450226558597344	0.01566372095641532
146.0	0.7966095552018182	0.08434844517617152	0.015851450919925573
147.0	0.797954910366292	0.084191825452144	0.015890879189532456
148.0	0.7972354640346871	0.08415158016932409	0.015893611814563984
149.0	0.7960594798251999	0.0841227870173207	0.016514052803882098
150.0	0.7950354312529943	0.08424718697564035	0.016783269413757556
151.0	0.7939441611194084	0.08426874679252695	0.0171050244457048
152.0	0.7949122220424013	0.08410051545782868	0.017166986381510135
153.0	0.7941519354900094	0.08404517044475258	0.01716680898095593
154.0	0.7937369826496323	0.0839407220870021	0.01745190102844
155.0	0.793053463449928	0.08386585717308061	0.01774055630600285
156.0	0.7924840260211651	0.0838068122779139	0.017742709991974633
157.0	0.7930430751235689	0.08367862563844607	0.018119146029192422
158.0	0.7938109475273235	0.08352525292416091	0.018212376487725886
159.0	0.792898521741628	0.08350526977991003	0.018505396767867194
160.0	0.7939253992468926	0.08334689766943115	0.018555710319512593
161.0	0.7931371798857239	0.08329418044884948	0.018836194782417073
162.0	0.7924493401312629	0.08346726488879808	0.019019169391982237
163.0	0.7946959003921666	0.08329994304903848	0.018871622342426203
164.0	0.7940652059799835	0.08330529804196933	0.018874367856316084
165.0	0.7928293340518425	0.08335270184374673	0.01946877412969795
166.0	0.7920854890090308	0.08331186103795535	0.019756547980801516
167.0	0.7914977545085844	0.0833878064174198	0.01975703173690719
168.0	0.7918642827669986	0.08328164375871255	0.02013271467828894
169.0	0.7913230118243193	0.08321382061006118	0.020402094572901475
170.0	0.8080449341294563	0.08351779794233961	0.01776025775335736
171.0	0.8071543981393118	0.08357015891341649	0.018039813227579925
172.0	0.8063581650561322	0.08354942672272758	0.018323312104380006
173.0	0.8067561434682703	0.08341905196216895	0.018454307832478027
174.0	0.8059647028065053	0.08339433114497906	0.01871285167763652
175.0	0.8051202979734102	0.08343274265699224	0.01897413687683373
176.0	0.8056606324707041	0.08328774402548837	0.018976762974615334
177.0	0.8061416558997533	0.08372332171601887	0.018980086059385542
178.0	0.8081617759863964	0.08361056019768215	0.01898191650605201
179.0	0.8079647650373925	0.08351044320218295	0.01906873100997871
180.0	0.8079317972525374	0.0833963997949346	0.019071551165044397
181.0	0.8082520604187576	0.08330164594072213	0.019403749340687317
182.0	0.8077327507817155	0.08327242733310738	0.01941126935011109
183.0	0.8074529436870989	0.08319273270349384	0.019846353345433464
184.0	0.8071401394606434	0.08312091758741326	0.01984853683566032
185.0	0.8062125931459088	0.08311406097294499	0.020376632033053284
186.0	0.8082260843183702	0.08296786751021298	0.02021959952755973
187.0	0.8077942369578699	0.08290193869623882	0.020458398874853435
188.0	0.8081519998386792	0.0832593135574129	0.020411374402209918
189.0	0.8075298966924106	0.08317746274758059	0.020548360403793993
190.0	0.807060089259398	0.08321432703061299	0.020549094745895197
191.0	0.8080454887923337	0.08311863944615641	0.02079225992543321
192.0	0.8119842659363633	0.08300768889202982	0.020289890781161828
193.0	0.8117281390730986	0.0829323939373296	0.020292014607757817
194.0	0.8159156462010918	0.08292448905490836	0.020290855094596123
195.0	0.8163870369155791	0.08277686797560883	0.020011952459277716
196.0	0.815777145609766	0.0827123072443807	0.020160022991211723
197.0	0.8173844105997029	0.08257400393632083	0.020048432501490916
198.0	0.8185895875119209	0.08253899513585736	0.02005111021669758
199.0	0.8179394057325924	0.08251336045200992	0.020386275724184832
200.0	0.8172500680242685	0.08253752014913072	0.020641956908022622
201.0	0.8166036633986886	0.08253068274559276	0.020893131919586666
202.0	0.8172883106691556	0.08293385267285378	0.020764558503922337
203.0	0.8166559466787537	0.08292173527265426	0.020967011549904206
204.0	0.816776184310824	0.08320849756135353	0.02096599869089046
205.0	0.8161045255496777	0.08324709406838131	0.021209861610786914
206.0	0.815508988282099	0.08335491655187531	0.021423318328579074
207.0	0.8150886665455501	0.0832922097448801	0.021635186958973547
208.0	0.8150395700102454	0.08320404064177543	0.021812735569361398
209.0	0.8146723137286895	0.08328654670334086	0.021813768909984727
210.0	0.8139752771851163	0.08326612559761372	0.02225832945242133
211.0	0.8145285706935386	0.08315718181240189	0.022337559426923385
212.0	0.8175280840797948	0.08305182888281581	0.021963373892475765
213.0	0.8171452539297747	0.08308294385177138	0.021963793948581844
214.0	0.8190930475497806	0.08299954924455498	0.021946967167315132
215.0	0.8189985038478147	0.08291492296254104	0.022122448042359622
216.0	0.8186664247365789	0.08309689497278533	0.022259837985777436
217.0	0.8183523295010752	0.08316343503574049	0.022321492217537563
218.0	0.8254653393975565	0.08314462044850791	0.021063719195524237
219.0	0.8249693124899432	0.08326831970123899	0.021250670210417936
220.0	0.8292933720766018	0.08317411417516718	0.020542136818319234
221.0	0.8288776726638535	0.08312722940823708	0.02076403340594054
222.0	0.8287651471076423	0.08335957991704308	0.020838014371085577
223.0	0.829240851474086	0.08325542308125577	0.02091303859832615
224.0	0.8298557696792499	0.08313504723819097	0.020915137266763077
225.0	0.8294597865494087	0.08308393171075504	0.021166245101123676
226.0	0.8291169599876953	0.08312934213210538	0.021166722548993933
227.0	0.8283158893158654	0.08318479209629466	0.021607843317676397
228.0	0.8287849288113704	0.08312673639064438	0.02172839232696749
229.0	0.8311334259777574	0.08307104980037983	0.02147863484347377
230.0	0.8311920490499879	0.08297615544567984	0.02149070981419012
231.0	0.831424473746014	0.08330918068149305	0.021581862995659847
232.0	0.8317520896584613	0.083210275998059	0.02158427009034127
233.0	0.8320576896009779	0.08310990446140679	0.021765912908792578
234.0	0.831764307233112	0.08308806543147965	0.02176712966234324
235.0	0.8314480019752329	0.08313060894602896	0.02176881893397895
236.0	0.8319855832165505	0.0830526694156032	0.02212962287627679
237.0	0.8314496830845922	0.08305882465113372	0.022336862676910423
238.0	0.8343090918506542	0.08316531889454781	0.022119565728160984
239.0	0.8343307297720426	0.08328023431427065	0.02205941086492553
240.0	0.833833296834643	0.08327524524902068	0.0222801112532063
241.0	0.8348166117143668	0.0831616990909454	0.022231713700347603
