Iteration	GP_regression.Mat52.variance	GP_regression.Mat52.lengthscale	GP_regression.Gaussian_noise.variance
1.0	0.9997451220282698	0.07431107277836975	0.00025663862515457454
2.0	0.9997451220282698	0.07431107277836975	0.00025663862515457454
3.0	0.999958614738522	0.05961431457876012	3.984135504386591e-05
4.0	0.9990602451414115	0.2964895449816967	1.0266871027357646e-09
5.0	0.8564375680751843	0.4240504236304719	1.09999999990866e-09
6.0	0.9085064805242562	0.21314069967269123	1.1000000000185319e-09
7.0	0.7385570078849438	0.2221010619991105	0.13519645989956855
8.0	0.7968191510219558	0.1504231270211623	6.4349865689322725e-09
9.0	0.7590516333323372	0.1637785445881388	0.05965425841801243
10.0	0.7448868057808333	0.09681957385011963	0.10913599599686964
11.0	0.8580618676474896	0.0975646086963981	0.07345966039626427
12.0	0.8820313267555959	0.1262126606379562	2.009920187088546e-09
13.0	0.7574875937509813	0.12060598591908167	1.188905971636383e-09
14.0	0.7183965144372938	0.1283928848879713	1.1564854076468701e-09
15.0	0.7029936040518446	0.13382619714252852	1.1564854050788048e-09
16.0	0.7541885807273283	0.12761887165839855	1.1564854024479562e-09
17.0	0.7699939421845742	0.1271204637980809	1.1564854001292457e-09
18.0	0.7792502431801679	0.1276387942751674	1.1564853987827522e-09
19.0	0.7686482941631023	0.12349849316623598	1.1564853965441517e-09
20.0	0.7761127805141208	0.1356779154560997	1.1564853940269067e-09
21.0	0.8897097604671009	0.14583417673561977	1.1564853914982771e-09
22.0	0.8862397370153007	0.14351098195575537	1.156485389382082e-09
23.0	0.8475801130480792	0.1296996798785634	1.1564853870212663e-09
24.0	0.8419195412627956	0.13163144685180372	1.156485384965576e-09
25.0	0.867957546767663	0.12867866096552627	1.156485383069077e-09
26.0	0.8536880579916704	0.12948703472539008	1.1564853815719708e-09
27.0	0.8784223009018547	0.12905505937365758	1.1564853801672455e-09
28.0	0.8720227365447646	0.1275132125588613	1.1564853787449787e-09
29.0	0.8942799752961887	0.11883172894415076	1.1564853767397254e-09
30.0	0.8692586503206676	0.11725675129532366	1.1564853757624893e-09
31.0	0.8898602170871481	0.12472269754248527	1.1564853736904976e-09
32.0	0.8949885107157565	0.12400355321907536	1.156485371575936e-09
33.0	0.9176710930889169	0.1315263304050121	1.1564853694508648e-09
34.0	0.8961682156067428	0.12976771591845992	1.1564853671549365e-09
35.0	0.9115581437960416	0.12581106138618545	1.1564853648705863e-09
36.0	0.9007738682741215	0.12434854337993109	1.1564853628972355e-09
37.0	0.8795329704996608	0.1228527266292118	1.0065465433770334e-09
38.0	0.8610856420441774	0.12124762925547578	1.099999999187737e-09
39.0	0.848428274201929	0.11969617644733349	1.099999999277664e-09
40.0	0.8323749027913568	0.11831872886937443	1.0999999993456415e-09
41.0	0.8208056970415761	0.11688408462765552	1.0999999993532315e-09
42.0	0.8086965267339525	0.11823682133447194	1.09999999938134e-09
43.0	0.8149182620401155	0.11833332488883064	1.0999999993384893e-09
44.0	0.8080690547843661	0.11720040900111679	1.0160377222689048e-09
45.0	0.8202728007033894	0.11727317435486027	1.0999999993534334e-09
46.0	0.8373668681166517	0.11502106967059894	1.0999999994625883e-09
47.0	0.8298568887341214	0.11395965933819326	1.0999999994933954e-09
48.0	0.8436891408594847	0.11104286987067831	1.0999999995307472e-09
49.0	0.8312783687305771	0.10964983365793866	1.099999999511775e-09
50.0	0.8179709727674728	0.1087673255088633	1.0999999997685196e-09
51.0	0.8255338669290956	0.10858778021750287	1.0999999995781697e-09
52.0	0.8174704153853714	0.10906155787413013	1.0999999995803594e-09
53.0	0.8202293587624196	0.11464841532284546	1.0999999994388178e-09
54.0	0.8110675042349822	0.11351210399539646	1.0999999994541883e-09
55.0	0.8009758215559606	0.11242267832104448	1.0999999994607367e-09
56.0	0.7975151831323796	0.11155160353475325	1.0999999994910727e-09
57.0	0.7903909612976681	0.11054837610235473	1.09999999951406e-09
58.0	0.7866024865691308	0.11150464985603835	1.0999999994956557e-09
59.0	0.7880445798957152	0.1109709044222627	1.0999999995441246e-09
60.0	0.7822448453041592	0.11005954025655738	1e-09
61.0	0.7735760202441327	0.10924443681665345	1.0999999996192028e-09
62.0	0.7650474961824695	0.10875320667510227	1.0999999997064211e-09
63.0	0.7546788362977602	0.11164141436329071	1.0999999995136622e-09
64.0	0.7572984121512024	0.11123837848717533	1.099999999536902e-09
65.0	0.7491639000893139	0.11035734170943212	1.099999999553869e-09
66.0	0.7427091646493161	0.109266398898366	1.0999999995523606e-09
67.0	0.7349383830596399	0.10800370278295293	1.0999999995629022e-09
68.0	0.7278228633328883	0.10758575594459975	1.0999999997357488e-09
69.0	0.7247893742633487	0.1068885625281857	1.0999999995844699e-09
70.0	0.7193104501704841	0.10672721534533713	1.0999999996393672e-09
71.0	0.7127782917875021	0.10597977270872364	1.0999999996511075e-09
72.0	0.7060225609059406	0.1054007953886491	1.0999999997672578e-09
73.0	0.7008746643334012	0.10536368654747993	1.0999999996127268e-09
74.0	0.6952021102873592	0.10514472004613061	1.099999999739899e-09
75.0	0.7215357088036989	0.10618310653661889	1.0999999997143259e-09
76.0	0.7158183077725462	0.10596807586945034	1.0999999996944981e-09
77.0	0.7096509690472466	0.10531749992250664	1.0999999997112798e-09
78.0	0.7122902192803815	0.10502506435536947	1.099999999647817e-09
79.0	0.7065186440257492	0.10461542717765453	1.0999999997453375e-09
80.0	0.7034812654111309	0.10399363705846379	1.0999999996702034e-09
81.0	0.6988051360312266	0.10384449246734277	1.09999999970415e-09
82.0	0.69709614748367	0.10330385995952225	1.0999999996794503e-09
83.0	0.6924354996667167	0.10271939948313234	1.0107217748225197e-09
84.0	0.6877538761187281	0.10217390575100047	1.0999999997397292e-09
85.0	0.6842304260898533	0.1016085531360993	1.0999999997026155e-09
86.0	0.6807502816201655	0.10162717485150231	1.0999999997153036e-09
87.0	0.677518314137369	0.10108867248294903	1.099999999711061e-09
88.0	0.6729891382862636	0.10069999134293674	1.0999999998610694e-09
89.0	0.6775071027304846	0.10061481844222277	1.0999999997256065e-09
90.0	0.6751187597127712	0.10012122057394124	1.099999999725583e-09
91.0	0.6711426701646414	0.09969322773574746	1.0999999998337013e-09
92.0	0.67047445144431	0.10018663327161326	1.0999999997427831e-09
93.0	0.6693213904022861	0.09975730912958841	1.0999999997589047e-09
94.0	0.6655976720615094	0.09950092654140372	1.0999999998137728e-09
95.0	0.6669042250900474	0.09921733553562401	1.0999999997473171e-09
96.0	0.6732666279791425	0.09930459937137344	1.0999999997860672e-09
97.0	0.6698071583894426	0.0990731483301998	1.0999999998239442e-09
98.0	0.6687563907853381	0.09942414966807718	1.099999999770046e-09
99.0	0.6658742087389714	0.09935464254398602	1.099999999784659e-09
100.0	0.6659418884319	0.09902114070301665	1.099999999757043e-09
101.0	0.6644359949258358	0.09862301682128329	1.0999999997834873e-09
102.0	0.6613296495415975	0.09826978086437685	1.0999999998831458e-09
103.0	0.6593571518103633	0.09787472765675999	1.099999999791402e-09
104.0	0.6563505090932005	0.09758947397485322	1.099999999888158e-09
105.0	0.6548673602973679	0.09721923488953939	1.0999999997981046e-09
106.0	0.6519967190664783	0.09696172250800637	1.099999999892613e-09
107.0	0.6569958292356866	0.0969923073707546	1.0999999998136072e-09
108.0	0.6544210349683739	0.09686158751066311	1.0999999998596745e-09
109.0	0.6630218955473811	0.09716845797838342	1.099999999858333e-09
110.0	0.6633563772893715	0.09688810567206374	1.0999999997849148e-09
111.0	0.6812611782009774	0.09807660812673365	1.0999999998370822e-09
112.0	0.6790265990858148	0.09773526395487919	1.0999999998089034e-09
113.0	0.6849869546912486	0.09785369574777353	1.099999999854489e-09
114.0	0.6869789067689842	0.09767869727218514	1.0999999998102904e-09
115.0	0.6855397787085549	0.09733727882256434	1.0999999998137805e-09
116.0	0.6877071893404728	0.09717937729531415	1.099999999816821e-09
117.0	0.686411604319185	0.09731265321304974	1.0999999998176068e-09
118.0	0.6855520015230849	0.09699664914805776	1.099999999818191e-09
119.0	0.6833851003298745	0.09669953489415181	1.099999999874765e-09
120.0	0.6815028247295921	0.09639505285412117	1.0999999998257574e-09
121.0	0.679382818762447	0.09612942760070303	1.099999999905604e-09
122.0	0.681211979128527	0.09598884444058099	1.0999999998295575e-09
123.0	0.6791150141281376	0.09574360610444224	1.099999999882736e-09
124.0	0.6791944099887707	0.095488282634344	1.0999999998201448e-09
125.0	0.6783265246251826	0.09565781903845759	1.0999999998573617e-09
126.0	0.6765012985764288	0.09539391435734035	1.0999999998841599e-09
127.0	0.6746982198709038	0.0951363950116143	1.099999999885642e-09
128.0	0.6806966997667961	0.09529290407758545	1.0999999998804914e-09
129.0	0.6789187291728633	0.09504337467775699	1.099999999887652e-09
130.0	0.6782182036131883	0.0952154524945191	1.0999999998735166e-09
131.0	0.6778177068950539	0.09545247678697194	1.0999999999391637e-09
132.0	0.677330460929598	0.09566372032525858	1.0999999999460893e-09
133.0	0.675510048474306	0.09550001870835974	1.0999999999143898e-09
134.0	0.6743415574905981	0.09524053737431189	1.0999999998446494e-09
135.0	0.6724951097367181	0.09495207311290464	1.099999999891416e-09
136.0	0.6708451558865121	0.09474323472217312	1.0999999998935517e-09
137.0	0.6691910144651084	0.09461550246279708	1.0999999998893418e-09
138.0	0.6675831007847421	0.09441975953576777	1.0999999998967008e-09
139.0	0.6661925236267014	0.09438145486182484	1.0999999999100136e-09
140.0	0.6645578059428279	0.09421398416431455	1.0999999999207577e-09
141.0	0.6629705636317503	0.09406246470637206	1.0999999999217397e-09
142.0	0.6615137249738001	0.09397305446898208	1.099999999919523e-09
143.0	0.6626987664596169	0.0938207733037108	1.0999999998557659e-09
144.0	0.6618593681774088	0.09359146462083395	1.0999999998600525e-09
145.0	0.6645049283265902	0.0935271112075501	1.099999999895471e-09
146.0	0.6653440091721594	0.0933614888372219	1.0999999998543562e-09
147.0	0.6646366101613799	0.09345825680560008	1.0999999998709786e-09
148.0	0.6640097952296888	0.09324484073627341	1.0999999998642604e-09
149.0	0.6638240013276672	0.09304482206727802	1.0999999998622801e-09
150.0	0.6633541349231336	0.09283854581834129	1.0999999998667757e-09
151.0	0.6659576362040813	0.09278439329557826	1.099999999900518e-09
152.0	0.6668278577643542	0.09263627849354793	1.0999999998643926e-09
153.0	0.6713581508007278	0.09271759866431875	1.0999999999035242e-09
154.0	0.6704318865728254	0.09251855985104152	1.0999999999091348e-09
155.0	0.6742150645695929	0.09254753049108075	1.0999999999035292e-09
156.0	0.6729549178417907	0.09240646948556892	1.0999999999137291e-09
157.0	0.6791511358025095	0.09262077207809116	1.0999999999098602e-09
158.0	0.6855715462089226	0.09285942079202247	1.0999999999101863e-09
159.0	0.6846326245872808	0.09266810131059575	1.0999999999108805e-09
160.0	0.6965653023370809	0.09345930132571481	1.0999999999151217e-09
161.0	0.6960360474264515	0.09325909217229077	1.0999999998732494e-09
162.0	0.6954240732122572	0.0930616558353503	1.0999999999107866e-09
163.0	0.6955418871803623	0.09329633703844871	1.0999999998866346e-09
164.0	0.6945321787966938	0.09311986473910831	1.0999999999338296e-09
165.0	0.6939959153798184	0.09319832264237113	1.0999999998865935e-09
166.0	0.692859841370806	0.09307107105533927	1.0999999999331902e-09
167.0	0.6920523950672671	0.09288680899844175	1.0999999999133474e-09
168.0	0.6948264230025546	0.09286952019976571	1.0999999999077554e-09
169.0	0.6937905263556382	0.09271041532922274	1.099999999934673e-09
170.0	0.6933971455873374	0.09252893533025278	1.0999999999143921e-09
171.0	0.6940015505226652	0.09238157550886808	1.0999999999543253e-09
172.0	0.6929810705748484	0.09228409192671028	1.0999999999349246e-09
173.0	0.7065022308485603	0.0931955420771623	1.0999999999201176e-09
174.0	0.7118056383869825	0.09338772908285367	1.0999999999144283e-09
175.0	0.7112927669813517	0.09320533914990385	1.0999999999149064e-09
176.0	0.7110556539042657	0.0930278059612622	1.0999999999141071e-09
177.0	0.7129449838706697	0.09296081678111287	1.0999999999121531e-09
178.0	0.7120409775833815	0.09291446501316107	1.0999999999149953e-09
179.0	0.7126517201589128	0.09277138259138631	1.0999999999546158e-09
180.0	0.7152073093224319	0.09275901154901668	1.0999999999127599e-09
181.0	0.7199868913532014	0.0929255254218422	1.0999999999176036e-09
182.0	0.725434273156736	0.09315471833747949	1.099999999918614e-09
183.0	0.7244850740388108	0.09302932420731531	1.0999999999378036e-09
184.0	0.72500601559478	0.09288820377876196	1.0999999999552348e-09
185.0	0.7259810247266811	0.09282098464599875	1.0999999999171495e-09
186.0	0.7308687446531456	0.09308376731332861	1.0999999999216715e-09
187.0	0.7322849715502314	0.09300158881291085	1.0999999999167723e-09
188.0	0.7342188672383901	0.09296047844710092	1.0999999999149782e-09
189.0	0.7380621766227279	0.09351269016809083	1.0999999999196947e-09
190.0	0.7372845386993448	0.09346905618633156	1.0999999999179974e-09
191.0	0.7371084906376114	0.09330138976765939	1.0999999999184449e-09
192.0	0.7376913020256401	0.09317083192569207	1.0999999999555871e-09
193.0	0.7395471024640035	0.09317326232358439	1.0999999999166025e-09
194.0	0.7391077521210507	0.09321124815902587	1.0999999999270502e-09
195.0	0.7382491011369299	0.09310411656110759	1.0999999999411632e-09
196.0	0.7374451617527835	0.09288669737603518	1.0999999999226676e-09
197.0	0.7389622030792242	0.09284449828642981	1.0999999999187654e-09
198.0	0.7381733169812	0.09262124410620697	1.0999999999236646e-09
199.0	0.7378409520930872	0.09269706209802686	1.0999999999711694e-09
200.0	0.742638578703274	0.09289582888053492	1.0999999999240042e-09
201.0	0.741867146441819	0.09281965030907816	1.0999999999439094e-09
202.0	0.7416415783477167	0.09267058122201878	1.0999999999233852e-09
203.0	0.7408314762410766	0.09253611701920993	1.0999999999430417e-09
204.0	0.7400590147582268	0.09242374820087766	1.0999999999280991e-09
205.0	0.7404745439089554	0.09229305037140786	1.0999999999578005e-09
206.0	0.7450208902105359	0.09247759556866167	1.0999999999261643e-09
207.0	0.7448192111035451	0.0923275403279456	1.0999999999252007e-09
208.0	0.7453877559394407	0.09260918713886179	1.099999999910118e-09
209.0	0.7448354331824237	0.09261651239544758	1.0999999999444436e-09
210.0	0.744942866321686	0.09256471923808367	1.099999999957423e-09
211.0	0.744636249678785	0.09241465767254149	1.0999999999266054e-09
212.0	0.7440994241194767	0.09226756326927046	1.0999999999479268e-09
213.0	0.7434458523879909	0.09222536420951112	1.099999999942398e-09
214.0	0.7428607597554929	0.0920842492039291	1.0999999999473995e-09
215.0	0.7464051753367978	0.09239691335103624	1.0999999999290477e-09
216.0	0.7484880608171129	0.09237828678629677	1.0999999999248063e-09
217.0	0.748920855619104	0.09225567049141421	1.0999999999589103e-09
218.0	0.748250469559126	0.09218452336053831	1.099999999949431e-09
219.0	0.7479788995926501	0.09225918423286182	1.0999999999726856e-09
220.0	0.7474831907836146	0.09226153743951157	1.0167140603730833e-09
221.0	0.7468075143251434	0.09212158889501461	1.0999999999472945e-09
222.0	0.7474121530834287	0.0923547754914506	1.0999999999187143e-09
223.0	0.7470693276384414	0.09221983952233745	1.0999999999517509e-09
224.0	0.7463924513506862	0.09214179179214932	1.0999999999517652e-09
225.0	0.746194517621883	0.0922236036189113	1.0999999999728504e-09
226.0	0.7509822006058422	0.09251862795636256	1.099999999932608e-09
227.0	0.7503749633871382	0.092409200925306	1.099999999947413e-09
228.0	0.7509436004278452	0.09232481593577284	1.0999999999586062e-09
229.0	0.7533592883047924	0.0925142595427792	1.0999999999336214e-09
230.0	0.7527767815705155	0.09245359122564405	1.0999999999524842e-09
231.0	0.752283110781452	0.09245639613681898	1.0999999999435597e-09
232.0	0.7519797276477848	0.09232534841919152	1.0999999999526653e-09
233.0	0.7569894640582246	0.09258643363131577	1.0999999999327807e-09
234.0	0.7565787984282921	0.09244221302575174	1.0999999999514574e-09
235.0	0.7565242130118066	0.09255944047446332	1.0999999999419718e-09
236.0	0.7562349685294817	0.09261361126825804	1.0999999999731893e-09
237.0	0.7562068171291438	0.09248575563987967	1.099999999956758e-09
238.0	0.755934557330905	0.09235580634597376	1.0999999999535209e-09
239.0	0.7608257342945357	0.09267210379047644	1.0999999999345507e-09
240.0	0.7604508491687765	0.09254839928675725	1.0999999999513367e-09
241.0	0.7598795247285884	0.09245738740617702	1.0999999999496817e-09
