Iteration	GP_regression.Mat52.variance	GP_regression.Mat52.lengthscale
1.0	0.8978309830036388	0.02987888590536433	1e-06
2.0	0.8978309830036388	0.02987888590536433	1e-06
3.0	0.885519002148825	0.0345107390213812	1e-06
4.0	0.8676160556701717	0.03294008409688768	1e-06
5.0	0.9060503772733789	0.034200669534989465	1e-06
6.0	0.9206253083182397	0.03781797062030821	1e-06
7.0	1.0018689815147064	0.03941947889990279	1e-06
8.0	1.039096805778317	0.026170960318366417	1e-06
9.0	0.9998254854481253	0.027307781376519125	1e-06
10.0	1.0012264713402794	0.029044422605020687	1e-06
11.0	1.0604630079642714	0.031187760804776442	1e-06
12.0	1.044190953168103	0.02790601774578817	1e-06
13.0	1.0033177993678268	0.021297042343262265	1e-06
14.0	0.9957753334598307	0.02029907433833383	1e-06
15.0	0.9739457964367355	0.019637518660090347	1e-06
16.0	1.006299459599957	0.02079668292536305	1e-06
17.0	1.0460410486355733	0.02112305906819998	1e-06
18.0	1.06686074953139	0.021913848134871194	1e-06
19.0	1.0745643572813928	0.022320873787336548	1e-06
20.0	1.075569316691162	0.021082886182925892	1e-06
21.0	1.0975478362325983	0.021759693952995866	1e-06
22.0	1.1070933520296862	0.021862328853707716	1e-06
23.0	1.1102194883081011	0.021850558124864805	1e-06
24.0	1.11532893457488	0.020885544643252055	1e-06
25.0	1.1350930252307376	0.021138309374996278	1e-06
26.0	1.1054127115849433	0.019002697078289183	1e-06
27.0	1.105022084723171	0.01923889461997045	1e-06
28.0	1.1221936568962323	0.01975917843280781	1e-06
29.0	1.1482608762323063	0.02027074935096975	1e-06
30.0	1.169805440893806	0.02104662212970193	1e-06
31.0	1.1863813059500523	0.02159947412537078	1e-06
32.0	1.1084371440617031	0.01818974714063343	1e-06
33.0	1.071253167248639	0.015886035528110385	1e-06
34.0	1.0016749953165025	0.011435040079632077	1e-06
35.0	1.007096735421349	0.011696439962934088	1e-06
36.0	1.0135235329243355	0.0122045243728096	1e-06
37.0	1.01376458694278	0.012445906432949523	1e-06
38.0	1.0266129555150383	0.012922420465747646	1e-06
39.0	1.040372084743936	0.013366836159312166	1e-06
40.0	1.0502612068367632	0.01356807591288583	1e-06
41.0	1.0568139610689806	0.013672655358012892	1e-06
42.0	1.0530040828425962	0.01319479642965347	1e-06
43.0	1.0490494174076128	0.012941858299368308	1e-06
44.0	1.067043013085426	0.013422583388513282	1e-06
45.0	1.0980299696100912	0.01404891506035269	1e-06
46.0	1.1124853416521336	0.014267192733499842	1e-06
47.0	1.0970005644276963	0.014104157471362573	1e-06
48.0	1.0907363935580692	0.01395299893417825	1e-06
49.0	1.0860555874503446	0.013855531158500188	1e-06
50.0	1.0734316871794842	0.01369931222024361	1e-06
51.0	1.069652364048391	0.013401273226516582	1e-06
52.0	1.0560210960310716	0.013174571660372562	1e-06
53.0	1.0887793642539425	0.013885614499699802	1e-06
54.0	1.0930374109521843	0.013914511242102849	1e-06
55.0	1.0996754731284284	0.013966902525731796	1e-06
56.0	1.092649266060966	0.013650437600770822	1e-06
57.0	1.0957225362019836	0.013726699140575206	1e-06
58.0	1.101710272928568	0.013840778420562144	1e-06
59.0	1.0923300367336206	0.013725140431883314	1e-06
60.0	1.0820842472469958	0.013600711719643966	1e-06
61.0	1.0762354738181863	0.013496349917666517	1e-06
62.0	1.0696441076005785	0.013593612902605126	1e-06
63.0	1.068178676719948	0.013824087046218425	1e-06
64.0	1.0694026051566405	0.013828106788851467	1e-06
65.0	1.0567088537595732	0.013717298256568658	1e-06
66.0	1.0450741630639813	0.01363208566108399	1e-06
67.0	1.0462784305934663	0.013542644809119356	1e-06
68.0	1.0705623346677309	0.013866696235861713	1e-06
69.0	1.057689728416641	0.013746943579351276	1e-06
70.0	1.0423117846596093	0.013032602241250395	1e-06
71.0	1.0596633440911996	0.013397344008208733	1e-06
72.0	1.0711768991562471	0.013538292468719001	1e-06
73.0	1.087971313881844	0.013802182960788934	1e-06
74.0	1.0926148745900386	0.013872818536654025	1e-06
75.0	1.0696226388655639	0.013080691030742062	1e-06
76.0	1.0840414196584	0.013404404800368643	1e-06
77.0	1.1034831653898935	0.013758421877468703	1e-06
78.0	1.1026294727072332	0.013247966236649275	1e-06
79.0	1.0464111846053026	0.011935632504445378	1e-06
80.0	1.0588505616797637	0.012256468857928927	1e-06
81.0	1.0741657365736625	0.012520626114319892	1e-06
82.0	1.0826522245092203	0.012609086540944156	1e-06
83.0	1.0731951175524284	0.012177281008053466	1e-06
84.0	1.0854559448418102	0.012408297762639405	1e-06
85.0	1.0924979008563	0.01249471170260247	1e-06
86.0	1.1039028673424918	0.012639984330721683	1e-06
87.0	1.1175914135262721	0.0130077832251039	1e-06
88.0	1.102556558600476	0.012415960729437975	1e-06
89.0	1.0749915378948758	0.011988650203092649	1e-06
90.0	1.079172582469552	0.012134076450860613	1e-06
91.0	1.1389236014588762	0.01316700179825287	1e-06
92.0	1.1256280052114023	0.013063358433646144	1e-06
93.0	1.1613758771368847	0.013864688485101926	1e-06
94.0	2.0174902695811725	0.025778726466582323	1e-06
95.0	2.0054499985132797	0.0257330629784907	1e-06
96.0	1.9867350962273367	0.025537396003473743	1e-06
97.0	1.9762868446470079	0.025558156128703238	1e-06
98.0	1.9859864753420082	0.025430596080603662	1e-06
99.0	1.9380706771843026	0.0247835178305447	1e-06
100.0	1.9149443356696882	0.024599858612944104	1e-06
101.0	1.875309920501497	0.02432735586944884	1e-06
102.0	1.8602056845633526	0.02458706176626423	1e-06
103.0	1.824444014063408	0.024328947527097848	1e-06
104.0	1.790657853800219	0.02407921407957776	1e-06
105.0	1.758692468661966	0.02383740268929624	1e-06
106.0	1.727352621815184	0.02362478851820873	1e-06
107.0	1.6986464750023642	0.02339740288529074	1e-06
108.0	1.6718555552863257	0.023276410371135956	1e-06
109.0	1.6457296814711846	0.023062517385589898	1e-06
110.0	1.6580703388441655	0.02322091528346806	1e-06
111.0	1.6511741834307758	0.023302423666381605	1e-06
112.0	1.6594186633282608	0.02373029495438562	1e-06
113.0	1.6454748696599646	0.02433285099706644	1e-06
114.0	1.619870740352276	0.023883407166646112	1e-06
115.0	1.4639312296158375	0.022108841469853823	1e-06
116.0	1.4412757233499551	0.022455201558232333	1e-06
117.0	1.451337914397725	0.02296081101581724	1e-06
118.0	1.4361047639624713	0.023690656863673536	1e-06
119.0	1.3853327755111304	0.023623535812083436	1e-06
120.0	1.2815081175473513	0.022779903031478834	1e-06
121.0	1.3089724196675545	0.023149518311298693	1e-06
122.0	1.295339913782275	0.022733743132286807	1e-06
123.0	1.2669505914793804	0.022982780030882673	1e-06
124.0	1.2216741272598997	0.02322187907094092	1e-06
125.0	1.132534061793739	0.022194693933337176	1e-06
126.0	1.1206307815035204	0.022050985306843372	1e-06
127.0	1.1095855333021414	0.021959571631315594	1e-06
128.0	1.0688326934717374	0.022138527673893845	1e-06
129.0	1.057041028333189	0.02200193472839663	1e-06
130.0	1.0459011202137733	0.02186407239586664	1e-06
131.0	1.0443298236422165	0.02193356351450037	1e-06
132.0	1.0336422679825576	0.021807398940263886	1e-06
133.0	1.0245959637161515	0.021680031688245248	1e-06
134.0	1.0148173597301264	0.021555093369555568	1e-06
135.0	1.0287755801022165	0.021693344562302506	1e-06
136.0	1.0414879435334135	0.02167125200892114	1e-06
137.0	1.0339653878389279	0.021561558343282154	1e-06
138.0	1.0341758565532906	0.02144562884133928	1e-06
139.0	1.0244752650264835	0.021212381608933607	1e-06
140.0	1.0183607422938563	0.021183593808687753	1e-06
141.0	1.009539291739828	0.021067363177587145	1e-06
142.0	1.000906442082012	0.02096028450104905	1e-06
143.0	0.999486753881478	0.020907393633046778	1e-06
144.0	0.9930848284595564	0.020807219945021025	1e-06
145.0	0.9215284125056938	0.019759727379372875	1e-06
146.0	0.9165438762265337	0.019675401508039942	1e-06
147.0	0.9184185767604893	0.01974073591559736	1e-06
148.0	0.914188907592919	0.01966947310082024	1e-06
149.0	0.9123101881978596	0.019624311781761796	1e-06
150.0	0.9061513510369845	0.019541287967126248	1e-06
151.0	0.9014971757846012	0.01945915526999814	1e-06
152.0	0.8961047229799416	0.0193727527948765	1e-06
153.0	0.8904665416515778	0.019292925101055364	1e-06
154.0	0.8849817979026187	0.019216351257374902	1e-06
155.0	0.8858452991503061	0.019192675882771633	1e-06
156.0	0.8825916353208921	0.019147530854404758	1e-06
157.0	0.877486671286986	0.019071077775323086	1e-06
158.0	0.876685498688198	0.019111001757397883	1e-06
159.0	0.89432141925359	0.019344812488335156	1e-06
160.0	0.8905510314303657	0.019270115296811472	1e-06
161.0	0.8857438840301061	0.01919555725889405	1e-06
162.0	0.8811802813130203	0.019143786367318706	1e-06
163.0	0.87639259421533	0.019072528350863316	1e-06
164.0	0.8718862174464068	0.019016953119011564	1e-06
165.0	1.0420650742915123	0.021676131031237663	1e-06
166.0	0.9280173089242867	0.021945438879418903	1e-06
167.0	0.8443183269445096	0.02225901766889477	1e-06
168.0	0.6551187802505922	0.016554891284864683	1e-06
169.0	0.6020168541553228	0.016647297499269426	1e-06
170.0	0.5773614648685959	0.01705155425776071	1e-06
171.0	0.5762028935666591	0.01683298201034445	1e-06
172.0	0.574116134426445	0.01679079521922434	1e-06
173.0	0.5481142542181635	0.016668643621985106	1e-06
174.0	0.5296762331916917	0.01705935549636658	1e-06
175.0	0.5007130515638702	0.016731655800111784	1e-06
176.0	0.5053496095716045	0.016816775422618266	1e-06
177.0	0.49515467299001487	0.01713841652453748	1e-06
178.0	0.4860129623452125	0.017565399885613654	1e-06
179.0	0.47020730444047665	0.017781004322503846	1e-06
180.0	0.4613964352095429	0.01755092557383088	1e-06
181.0	0.47268882957766445	0.017952020780210007	1e-06
182.0	0.4708027531453267	0.01790799175777785	1e-06
183.0	0.4689305091216672	0.017864048051771414	1e-06
184.0	0.4651623910883386	0.018180556810178338	1e-06
185.0	0.46778853498746076	0.01850862274996272	1e-06
186.0	0.4666030953667524	0.018480180959982325	1e-06
187.0	0.46880743399673547	0.018925451998140438	1e-06
188.0	0.4670094947459272	0.018882741697286775	1e-06
189.0	0.4652013315839592	0.019279698053283206	1e-06
190.0	0.4627318072277594	0.019589935072260933	1e-06
191.0	0.47090411996151	0.01998590803139557	1e-06
192.0	0.4741446388909983	0.02045072319301017	1e-06
193.0	0.47053839921873225	0.020741930369424857	1e-06
194.0	0.4806702749910787	0.021208561563914735	1e-06
195.0	0.48104990098818373	0.02155515176331271	1e-06
196.0	0.4814216188320921	0.02170685954771426	1e-06
197.0	0.46705489670552025	0.021325529695030748	1e-06
198.0	0.47495182404906866	0.021711648728758637	1e-06
199.0	0.4724727283663916	0.02165265843503016	1e-06
200.0	0.47020485688566893	0.021588491937584012	1e-06
201.0	0.4678786080924827	0.021532797662277316	1e-06
202.0	0.47136767257965106	0.021695696301618526	1e-06
203.0	0.48237851018475136	0.02192303347501646	1e-06
204.0	0.4911994489090165	0.020672258585055694	1e-06
205.0	0.48937596008102147	0.020900935210719496	1e-06
206.0	0.48714853838604066	0.020850322085601523	1e-06
207.0	0.4861715078552208	0.02082936498832961	1e-06
208.0	0.49360098897591365	0.02079734105821086	1e-06
209.0	0.49106901508865014	0.020740104384895822	1e-06
210.0	0.48858153721496944	0.020683577982638073	1e-06
211.0	0.48611047843705735	0.0206269712966468	1e-06
212.0	0.4835863472828148	0.020564104327566918	1e-06
213.0	0.4835313035131724	0.020812323568875017	1e-06
214.0	0.48214459978172686	0.02078226279968091	1e-06
215.0	0.48163226519249214	0.020771745264483138	1e-06
216.0	0.4834659971695864	0.020774153756980985	1e-06
217.0	0.48163934767060657	0.020714956094092143	1e-06
218.0	0.47976084226877685	0.020649139322469624	1e-06
219.0	0.4849774201902093	0.020401196928092693	1e-06
220.0	0.4827861169169585	0.020336694250369457	1e-06
221.0	0.5058077646517609	0.020806891368873308	1e-06
222.0	0.5032536270310881	0.020748414675133234	1e-06
223.0	0.5006858370818578	0.02068682325400383	1e-06
224.0	0.49852897484592174	0.02063911257872281	1e-06
225.0	0.49614615930336176	0.02058432829177664	1e-06
226.0	0.49332994204726816	0.02064280512493687	1e-06
227.0	0.49175801756346377	0.02060944301337167	1e-06
228.0	0.48592243122699497	0.02047773078177022	1e-06
229.0	0.48356529577156826	0.020419525823409588	1e-06
230.0	0.4812433542277914	0.02036366186467325	1e-06
231.0	0.4790975350821206	0.020314271813025316	1e-06
232.0	0.476859301186363	0.020260647655439827	1e-06
233.0	0.474940940123851	0.020217123434562403	1e-06
234.0	0.5087020458857688	0.02078775802061035	1e-06
235.0	0.5362662374686799	0.019903861168726625	1e-06
236.0	0.4996598886826641	0.018258863056678936	1e-06
237.0	0.500215782892651	0.01827612514181386	1e-06
238.0	0.49846350701096886	0.01824088179659767	1e-06
239.0	0.49810494432552954	0.018313368028982917	1e-06
240.0	0.49656189914069404	0.018283523430522884	1e-06
241.0	0.4960485178975569	0.01842568869614224	1e-06
